Antecedent,Consequent,Support,Confidence,Lift
EDWARDIAN PARASOL NATURAL,EDWARDIAN PARASOL BLACK,0.012227962189492196,0.4341463414634147,18.500531216084998
EDWARDIAN PARASOL BLACK,EDWARDIAN PARASOL NATURAL,0.012227962189492196,0.5210772833723654,18.500531216084998
EDWARDIAN PARASOL BLACK,EDWARDIAN PARASOL RED,0.010881512420312156,0.4637002341920375,23.63442426150788
EDWARDIAN PARASOL RED,EDWARDIAN PARASOL BLACK,0.010881512420312156,0.5546218487394958,23.634424261507885
RED SPOTTY BOWL,BLUE SPOTTY BOWL,0.011650912288415036,0.4389233954451346,23.082803767397888
BLUE SPOTTY BOWL,RED SPOTTY BOWL,0.011650912288415036,0.6127167630057803,23.082803767397884
PINK SPOTTY BOWL,BLUE SPOTTY BOWL,0.012640140690261596,0.6052631578947368,31.830544569516274
BLUE SPOTTY BOWL,PINK SPOTTY BOWL,0.012640140690261596,0.6647398843930635,31.830544569516274
BLUE SPOTTY BOWL,BLUE SPOTTY CUP,0.010167069685645196,0.5346820809248555,25.30318633162203
BLUE SPOTTY CUP,BLUE SPOTTY BOWL,0.010167069685645196,0.4811443433029909,25.30318633162203
PINK SPOTTY BOWL,RED SPOTTY BOWL,0.010744119586722356,0.5144736842105263,19.381704260651627
RED SPOTTY BOWL,PINK SPOTTY BOWL,0.010744119586722356,0.40476190476190477,19.381704260651627
RED SPOTTY CUP,RED SPOTTY BOWL,0.011018905253901956,0.4445676274944567,16.748141925236304
RED SPOTTY BOWL,RED SPOTTY CUP,0.011018905253901956,0.41511387163561075,16.748141925236304
PINK SPOTTY BOWL,PINK SPOTTY CUP,0.010496812486260717,0.5026315789473684,24.389024561403506
PINK SPOTTY CUP,PINK SPOTTY BOWL,0.010496812486260717,0.5093333333333333,24.389024561403506
DOOR MAT UNION FLAG,RED SPOTTY COIR DOORMAT,0.011815783688722796,0.2625152625152625,5.560800601545654
RED SPOTTY COIR DOORMAT,DOOR MAT UNION FLAG,0.011815783688722796,0.25029103608847497,5.560800601545654
RED SPOTTY COIR DOORMAT,DOORMAT HEARTS,0.010249505385799077,0.2171129220023283,5.865756093176489
DOORMAT HEARTS,RED SPOTTY COIR DOORMAT,0.010249505385799077,0.2769116555308092,5.865756093176489
RED SPOTTY COIR DOORMAT,JUMBO BAG RED WHITE SPOTTY,0.012667619256979555,0.26833527357392317,2.4672201303441668
RED SPOTTY COIR DOORMAT,WHITE HANGING HEART T-LIGHT HOLDER,0.011898219388876675,0.25203725261932475,1.7266829249477536
JUMBO BAG WOODLAND ANIMALS,JUMBO BAG TOYS,0.011486040888107276,0.2964539007092199,10.255276002480922
JUMBO BAG TOYS,JUMBO BAG WOODLAND ANIMALS,0.011486040888107276,0.3973384030418251,10.255276002480922
JUMBO STORAGE BAG SUKI,JUMBO BAG TOYS,0.014728511760826556,0.2304385210662081,7.9715956831192445
JUMBO BAG TOYS,JUMBO STORAGE BAG SUKI,0.014728511760826556,0.5095057034220533,7.9715956831192445
JUMBO BAG PINK WITH WHITE SPOTS,JUMBO BAG TOYS,0.012969883490877116,0.2106202588130299,7.286019447456069
JUMBO BAG TOYS,JUMBO BAG PINK WITH WHITE SPOTS,0.012969883490877116,0.4486692015209126,7.286019447456069
JUMBO SHOPPER VINTAGE RED PAISLEY,JUMBO BAG TOYS,0.012118047922620357,0.20136986301369866,6.966019063492892
JUMBO BAG TOYS,JUMBO SHOPPER VINTAGE RED PAISLEY,0.012118047922620357,0.4192015209125476,6.966019063492892
JUMBO BAG TOYS,JUMBO BAG RED WHITE SPOTTY,0.017174104198724994,0.594106463878327,5.462537249484607
JUMBO BAG BAROQUE BLACK WHITE,JUMBO BAG TOYS,0.011156298087491757,0.21863220247711365,7.563177863637947
JUMBO BAG TOYS,JUMBO BAG BAROQUE BLACK WHITE,0.011156298087491757,0.38593155893536124,7.5631778636379465
JUMBO BAG WOODLAND ANIMALS,JUMBO BAG OWLS,0.013986590459441636,0.36099290780141846,10.074581212200323
JUMBO BAG OWLS,JUMBO BAG WOODLAND ANIMALS,0.013986590459441636,0.39033742331288346,10.074581212200323
JUMBO BAG WOODLAND ANIMALS,WOODLAND CHARLOTTE BAG,0.011183776654209717,0.2886524822695036,6.682341688773393
WOODLAND CHARLOTTE BAG,JUMBO BAG WOODLAND ANIMALS,0.011183776654209717,0.2589058524173028,6.682341688773393
JUMBO BAG WOODLAND ANIMALS,RED SPOTTY CHARLOTTE BAG,0.010249505385799077,0.26453900709219863,4.730763413316605
JUMBO BAG WOODLAND ANIMALS,LUNCH BAG RED SPOTTY,0.011073862387337876,0.28581560283687946,3.4047140485891054
JUMBO BAG WOODLAND ANIMALS,LUNCH BAG WOODLAND,0.010799076720158276,0.27872340425531916,5.277472490977927
LUNCH BAG WOODLAND,JUMBO BAG WOODLAND ANIMALS,0.010799076720158276,0.204474505723205,5.277472490977927
JUMBO BAG WOODLAND ANIMALS,JUMBO BAG SCANDINAVIAN PAISLEY,0.010579248186414597,0.2730496453900709,6.460873013677153
JUMBO BAG SCANDINAVIAN PAISLEY,JUMBO BAG WOODLAND ANIMALS,0.010579248186414597,0.2503250975292588,6.460873013677154
JUMBO BAG WOODLAND ANIMALS,JUMBO BAG PINK VINTAGE PAISLEY,0.011238733787645637,0.29007092198581563,6.548549003044543
JUMBO BAG PINK VINTAGE PAISLEY,JUMBO BAG WOODLAND ANIMALS,0.011238733787645637,0.2537220843672457,6.548549003044543
JUMBO STORAGE BAG SKULLS,JUMBO BAG WOODLAND ANIMALS,0.011183776654209717,0.30903568716780566,7.976189168376443
JUMBO BAG WOODLAND ANIMALS,JUMBO STORAGE BAG SKULLS,0.011183776654209717,0.2886524822695036,7.976189168376442
JUMBO BAG WOODLAND ANIMALS,JUMBO STORAGE BAG SUKI,0.018575511101340952,0.47943262411347515,7.5010799899989635
JUMBO STORAGE BAG SUKI,JUMBO BAG WOODLAND ANIMALS,0.018575511101340952,0.29062768701633707,7.501079989998964
RECYCLING BAG RETROSPOT,JUMBO BAG WOODLAND ANIMALS,0.010771598153440316,0.2501595405232929,6.456599999094806
JUMBO BAG WOODLAND ANIMALS,RECYCLING BAG RETROSPOT,0.010771598153440316,0.27801418439716313,6.456599999094807
JUMBO BAG WOODLAND ANIMALS,JUMBO BAG SPACEBOY DESIGN,0.011183776654209717,0.2886524822695036,8.423930340618904
JUMBO BAG SPACEBOY DESIGN,JUMBO BAG WOODLAND ANIMALS,0.011183776654209717,0.326383319967923,8.423930340618904
JUMBO BAG PINK WITH WHITE SPOTS,JUMBO BAG WOODLAND ANIMALS,0.016322268630468234,0.2650602409638554,6.8411860206784585
JUMBO BAG WOODLAND ANIMALS,JUMBO BAG PINK WITH WHITE SPOTS,0.016322268630468234,0.42127659574468085,6.8411860206784585
JUMBO BAG WOODLAND ANIMALS,JUMBO SHOPPER VINTAGE RED PAISLEY,0.014783468894262476,0.3815602836879433,6.340521389941386
JUMBO SHOPPER VINTAGE RED PAISLEY,JUMBO BAG WOODLAND ANIMALS,0.014783468894262476,0.24566210045662104,6.340521389941386
JUMBO BAG WOODLAND ANIMALS,JUMBO BAG RED WHITE SPOTTY,0.023411738843701912,0.6042553191489362,5.55585133260942
JUMBO BAG RED WHITE SPOTTY,JUMBO BAG WOODLAND ANIMALS,0.023411738843701912,0.21526023244062656,5.55585133260942
JUMBO BAG WOODLAND ANIMALS,JUMBO BAG BAROQUE BLACK WHITE,0.012145526489338317,0.3134751773049646,6.143235677157928
JUMBO BAG BAROQUE BLACK WHITE,JUMBO BAG WOODLAND ANIMALS,0.012145526489338317,0.23801830910070007,6.143235677157928
JUMBO BAG STRAWBERRY,JUMBO BAG WOODLAND ANIMALS,0.011156298087491757,0.2219792236194642,5.729268018411022
JUMBO BAG WOODLAND ANIMALS,JUMBO BAG STRAWBERRY,0.011156298087491757,0.28794326241134754,5.729268018411022
JUMBO BAG WOODLAND ANIMALS,DOTCOM POSTAGE,0.012969883490877116,0.33475177304964543,8.609389770192719
DOTCOM POSTAGE,JUMBO BAG WOODLAND ANIMALS,0.012969883490877116,0.3335689045936396,8.609389770192719
JUMBO BAG OWLS,LUNCH BAG RED SPOTTY,0.010854033853594196,0.3029141104294478,3.6083961724217564
JUMBO BAG SCANDINAVIAN PAISLEY,JUMBO BAG OWLS,0.010276983952517037,0.2431729518855657,6.786464773787966
JUMBO BAG OWLS,JUMBO BAG SCANDINAVIAN PAISLEY,0.010276983952517037,0.28680981595092025,6.786464773787965
JUMBO BAG OWLS,JUMBO STORAGE BAG SUKI,0.017833589799956036,0.49769938650306755,7.786877073783162
JUMBO STORAGE BAG SUKI,JUMBO BAG OWLS,0.017833589799956036,0.2790197764402408,7.786877073783161
JUMBO BAG PINK WITH WHITE SPOTS,JUMBO BAG OWLS,0.013024840624313036,0.21151271753681394,5.902891730521268
JUMBO BAG OWLS,JUMBO BAG PINK WITH WHITE SPOTS,0.013024840624313036,0.36349693251533743,5.902891730521267
JUMBO BAG OWLS,JUMBO SHOPPER VINTAGE RED PAISLEY,0.012502747856671796,0.34892638036809814,5.798232344454716
JUMBO SHOPPER VINTAGE RED PAISLEY,JUMBO BAG OWLS,0.012502747856671796,0.2077625570776256,5.798232344454717
JUMBO BAG OWLS,JUMBO BAG RED WHITE SPOTTY,0.021460760606726755,0.5989263803680982,5.5068541774522055
JUMBO BAG OWLS,JUMBO BAG BAROQUE BLACK WHITE,0.012914926357441197,0.36042944785276076,7.063407897823193
JUMBO BAG BAROQUE BLACK WHITE,JUMBO BAG OWLS,0.012914926357441197,0.25309639203015616,7.0634078978231924
JUMBO BAG STRAWBERRY,JUMBO BAG OWLS,0.012145526489338317,0.24166211044286495,6.744300247880937
JUMBO BAG OWLS,JUMBO BAG STRAWBERRY,0.012145526489338317,0.33895705521472397,6.744300247880937
JUMBO BAG OWLS,DOTCOM POSTAGE,0.010496812486260717,0.29294478527607365,7.53416722669037
DOTCOM POSTAGE,JUMBO BAG OWLS,0.010496812486260717,0.26996466431095406,7.534167226690369
RED SPOTTY SHOPPER BAG,STRAWBERRY SHOPPER BAG,0.010689162453286436,0.320957095709571,15.450093422040617
STRAWBERRY SHOPPER BAG,RED SPOTTY SHOPPER BAG,0.010689162453286436,0.5145502645502645,15.450093422040618
RED SPOTTY SHOPPER BAG,RED SPOTTY CHARLOTTE BAG,0.011513519454825236,0.34570957095709576,6.182340396201783
RED SPOTTY CHARLOTTE BAG,RED SPOTTY SHOPPER BAG,0.011513519454825236,0.2058968058968059,6.182340396201782
RED SPOTTY SHOPPER BAG,LUNCH BAG RED SPOTTY,0.011458562321389316,0.3440594059405941,4.098530245823273
RED SPOTTY SHOPPER BAG,PACK OF 72 RETRO SPOT CAKE CASES,0.010469333919542757,0.3143564356435644,3.671392620648458
RED SPOTTY SHOPPER BAG,JUMBO STORAGE BAG SUKI,0.010139591118927236,0.30445544554455445,4.763431889190639
RED SPOTTY SHOPPER BAG,JUMBO BAG RED WHITE SPOTTY,0.015580347329083316,0.4678217821782179,4.301407351447627
WOODLAND CHARLOTTE BAG,STRAWBERRY CHARLOTTE BAG,0.019042646735546273,0.44083969465648853,11.633820281319021
STRAWBERRY CHARLOTTE BAG,WOODLAND CHARLOTTE BAG,0.019042646735546273,0.5025380710659898,11.633820281319021
WOODLAND CHARLOTTE BAG,RED SPOTTY CHARLOTTE BAG,0.02544515278083095,0.589058524173028,10.534161086832842
RED SPOTTY CHARLOTTE BAG,WOODLAND CHARLOTTE BAG,0.02544515278083095,0.45503685503685504,10.534161086832842
WOODLAND CHARLOTTE BAG,LUNCH BAG RED SPOTTY,0.014865904594416356,0.344147582697201,4.099580631592976
LUNCH BAG WOODLAND,WOODLAND CHARLOTTE BAG,0.013656847658826115,0.25858480749219565,5.986271192274799
WOODLAND CHARLOTTE BAG,LUNCH BAG WOODLAND,0.013656847658826115,0.31615776081424934,5.986271192274798
WOODLAND CHARLOTTE BAG,LUNCH BAG BLACK SKULL.,0.012722576390415475,0.294529262086514,4.570792710384826
WOODLAND CHARLOTTE BAG,LUNCH BAG CARS BLUE,0.011238733787645637,0.2601781170483461,4.589627743879501
WOODLAND CHARLOTTE BAG,PACK OF 72 RETRO SPOT CAKE CASES,0.014948340294570235,0.34605597964376594,4.041613995890863
WOODLAND CHARLOTTE BAG,STRAWBERRY CERAMIC TRINKET BOX,0.011266212354363597,0.2608142493638677,3.9075966088307426
WOODLAND CHARLOTTE BAG,RED TOADSTOOL LED NIGHT LIGHT,0.010414376786106837,0.2410941475826972,5.749605647987888
RED TOADSTOOL LED NIGHT LIGHT,WOODLAND CHARLOTTE BAG,0.010414376786106837,0.24836173001310619,5.749605647987888
WOODLAND CHARLOTTE BAG,JUMBO STORAGE BAG SUKI,0.011733347988568916,0.27162849872773537,4.24982989067057
"CHARLOTTE BAG , SUKI DESIGN",WOODLAND CHARLOTTE BAG,0.023027038909650473,0.4829971181556196,11.181444735317626
WOODLAND CHARLOTTE BAG,"CHARLOTTE BAG , SUKI DESIGN",0.023027038909650473,0.5330788804071247,11.181444735317626
WOODLAND CHARLOTTE BAG,"CHARLOTTE BAG , PINK/WHITE SPOTS",0.020993624972521434,0.4860050890585242,11.165844192561751
"CHARLOTTE BAG , PINK/WHITE SPOTS",WOODLAND CHARLOTTE BAG,0.020993624972521434,0.4823232323232324,11.165844192561751
WOODLAND CHARLOTTE BAG,LUNCHBAG SPACEBOY DESIGN,0.010276983952517037,0.23791348600508908,4.021434083928101
WOODLAND CHARLOTTE BAG,LUNCHBAG SUKI DESIGN,0.011953176522312595,0.2767175572519084,4.20121207489005
WOODLAND CHARLOTTE BAG,REGENCY CAKESTAND 3 TIER,0.011018905253901956,0.255089058524173,2.403106657471319
WOODLAND CHARLOTTE BAG,PARTY BUNTING,0.010194548252363156,0.23600508905852416,3.2434657103541586
WOODLAND CHARLOTTE BAG,JUMBO BAG RED WHITE SPOTTY,0.014783468894262476,0.34223918575063617,3.1467328064267686
WOODLAND CHARLOTTE BAG,WHITE HANGING HEART T-LIGHT HOLDER,0.010222026819081118,0.23664122137404583,1.6212061988411666
WOODLAND CHARLOTTE BAG,DOTCOM POSTAGE,0.010936469553748076,0.25318066157760816,6.511484548503404
DOTCOM POSTAGE,WOODLAND CHARLOTTE BAG,0.010936469553748076,0.2812720848056537,6.511484548503403
RED SPOTTY CHARLOTTE BAG,STRAWBERRY CHARLOTTE BAG,0.024620795779292153,0.4402948402948403,11.619441499644545
STRAWBERRY CHARLOTTE BAG,RED SPOTTY CHARLOTTE BAG,0.024620795779292153,0.649746192893401,11.619441499644545
STRAWBERRY CHARLOTTE BAG,LUNCH BAG RED SPOTTY,0.015278083095185755,0.4031907179115301,4.8029186927124075
LUNCH BAG WOODLAND,STRAWBERRY CHARLOTTE BAG,0.011183776654209717,0.2117585848074922,5.588338229379446
STRAWBERRY CHARLOTTE BAG,LUNCH BAG WOODLAND,0.011183776654209717,0.2951414068165337,5.588338229379446
STRAWBERRY CHARLOTTE BAG,LUNCH BAG BLACK SKULL.,0.012337876456364036,0.3255982596084119,5.052951754229989
LUNCH BAG CARS BLUE,STRAWBERRY CHARLOTTE BAG,0.011513519454825236,0.20310227823557925,5.359897106272081
STRAWBERRY CHARLOTTE BAG,LUNCH BAG CARS BLUE,0.011513519454825236,0.30384336475707036,5.359897106272082
STRAWBERRY CHARLOTTE BAG,PACK OF 72 RETRO SPOT CAKE CASES,0.012859969224005277,0.3393763596809282,3.963602208442984
STRAWBERRY CHARLOTTE BAG,JUMBO STORAGE BAG SUKI,0.010469333919542757,0.27628716461203773,4.322718183388339
"CHARLOTTE BAG , SUKI DESIGN",STRAWBERRY CHARLOTTE BAG,0.020361617938008354,0.4270893371757925,11.27094645286544
STRAWBERRY CHARLOTTE BAG,"CHARLOTTE BAG , SUKI DESIGN",0.020361617938008354,0.5373459028281363,11.270946452865438
STRAWBERRY CHARLOTTE BAG,"CHARLOTTE BAG , PINK/WHITE SPOTS",0.020169267970982632,0.5322697606961566,12.228763340438467
"CHARLOTTE BAG , PINK/WHITE SPOTS",STRAWBERRY CHARLOTTE BAG,0.020169267970982632,0.4633838383838384,12.228763340438467
STRAWBERRY CHARLOTTE BAG,LUNCHBAG SPACEBOY DESIGN,0.010304462519234997,0.2719361856417694,4.596517263295529
STRAWBERRY CHARLOTTE BAG,LUNCHBAG SUKI DESIGN,0.012008133655748517,0.3168963016678753,4.81121827713697
STRAWBERRY CHARLOTTE BAG,LUNCHBAG PINK RETROSPOT,0.010551769619696637,0.27846265409717186,4.823328371206225
STRAWBERRY CHARLOTTE BAG,JUMBO BAG RED WHITE SPOTTY,0.013986590459441636,0.369108049311095,3.393779719689077
JUMBO BAG STRAWBERRY,STRAWBERRY CHARLOTTE BAG,0.010579248186414597,0.21049753963914708,5.555059073638753
STRAWBERRY CHARLOTTE BAG,JUMBO BAG STRAWBERRY,0.010579248186414597,0.27918781725888325,5.555059073638753
STRAWBERRY CHARLOTTE BAG,WHITE HANGING HEART T-LIGHT HOLDER,0.010167069685645196,0.26831036983321244,1.8381684824868727
RED SPOTTY CHARLOTTE BAG,LUNCH BAG RED SPOTTY,0.021076060672675312,0.3769041769041769,4.489786188509592
LUNCH BAG RED SPOTTY,RED SPOTTY CHARLOTTE BAG,0.021076060672675312,0.251063829787234,4.489786188509592
LUNCH BAG WOODLAND,RED SPOTTY CHARLOTTE BAG,0.013546933391954275,0.2565036420395421,4.587066604964628
RED SPOTTY CHARLOTTE BAG,LUNCH BAG WOODLAND,0.013546933391954275,0.24226044226044224,4.587066604964628
LUNCH BAG BLACK SKULL.,RED SPOTTY CHARLOTTE BAG,0.016294790063750276,0.25287846481876336,4.522237391491124
RED SPOTTY CHARLOTTE BAG,LUNCH BAG BLACK SKULL.,0.016294790063750276,0.2914004914004914,4.522237391491123
RED SPOTTY CHARLOTTE BAG,LUNCH BAG CARS BLUE,0.014206418993185315,0.25405405405405407,4.4815972540645355
LUNCH BAG CARS BLUE,RED SPOTTY CHARLOTTE BAG,0.014206418993185315,0.2506059137178866,4.4815972540645355
RED SPOTTY CHARLOTTE BAG,PACK OF 72 RETRO SPOT CAKE CASES,0.018822818201802594,0.3366093366093366,3.9312859364207244
PACK OF 72 RETRO SPOT CAKE CASES,RED SPOTTY CHARLOTTE BAG,0.018822818201802594,0.2198331193838254,3.9312859364207244
STRAWBERRY CERAMIC TRINKET BOX,RED SPOTTY CHARLOTTE BAG,0.013959111892723676,0.20913956360642239,3.7400525792456625
RED SPOTTY CHARLOTTE BAG,STRAWBERRY CERAMIC TRINKET BOX,0.013959111892723676,0.24963144963144965,3.740052579245663
RED TOADSTOOL LED NIGHT LIGHT,RED SPOTTY CHARLOTTE BAG,0.010057155418773356,0.2398427260812582,4.289118667100318
JUMBO BAG PINK VINTAGE PAISLEY,RED SPOTTY CHARLOTTE BAG,0.010414376786106837,0.2351116625310174,4.204512836770902
JUMBO STORAGE BAG SUKI,RED SPOTTY CHARLOTTE BAG,0.015030775994724115,0.23516766981943252,4.2055144177242205
RED SPOTTY CHARLOTTE BAG,JUMBO STORAGE BAG SUKI,0.015030775994724115,0.2687960687960688,4.2055144177242205
RED SPOTTY CHARLOTTE BAG,"POPCORN HOLDER , SMALL",0.012118047922620357,0.2167076167076167,3.461994551020012
"CHARLOTTE BAG , SUKI DESIGN",RED SPOTTY CHARLOTTE BAG,0.026379424049241592,0.5533141210374639,9.89494225690191
RED SPOTTY CHARLOTTE BAG,"CHARLOTTE BAG , SUKI DESIGN",0.026379424049241592,0.47174447174447176,9.894942256901912
RED SPOTTY CHARLOTTE BAG,"CHARLOTTE BAG , PINK/WHITE SPOTS",0.02959441635524291,0.5292383292383293,12.159116968207877
"CHARLOTTE BAG , PINK/WHITE SPOTS",RED SPOTTY CHARLOTTE BAG,0.02959441635524291,0.6799242424242424,12.159116968207877
RECYCLING BAG RETROSPOT,RED SPOTTY CHARLOTTE BAG,0.011183776654209717,0.25973197192086794,4.644798978940652
RED SPOTTY CHARLOTTE BAG,RECYCLING BAG RETROSPOT,0.011183776654209717,0.2,4.644798978940652
LUNCHBAG SPACEBOY DESIGN,RED SPOTTY CHARLOTTE BAG,0.013024840624313036,0.22015791918253602,3.9370943463837107
RED SPOTTY CHARLOTTE BAG,LUNCHBAG SPACEBOY DESIGN,0.013024840624313036,0.23292383292383292,3.9370943463837103
LUNCHBAG SUKI DESIGN,RED SPOTTY CHARLOTTE BAG,0.015607825895801276,0.23696287025448476,4.237618070909686
RED SPOTTY CHARLOTTE BAG,LUNCHBAG SUKI DESIGN,0.015607825895801276,0.2791154791154791,4.237618070909686
LUNCHBAG PINK RETROSPOT,RED SPOTTY CHARLOTTE BAG,0.013574411958672235,0.23512613041408853,4.204771566599268
RED SPOTTY CHARLOTTE BAG,LUNCHBAG PINK RETROSPOT,0.013574411958672235,0.24275184275184275,4.204771566599268
RED SPOTTY CHARLOTTE BAG,JUMBO BAG PINK WITH WHITE SPOTS,0.012200483622774237,0.2181818181818182,3.543093586467081
RED SPOTTY CHARLOTTE BAG,REGENCY CAKESTAND 3 TIER,0.011870740822158716,0.2122850122850123,1.9998643973792822
RED SPOTTY CHARLOTTE BAG,PARTY BUNTING,0.011705869421850956,0.20933660933660933,2.8769553953843983
RED SPOTTY CHARLOTTE BAG,JUMBO BAG RED WHITE SPOTTY,0.022257639041547594,0.39803439803439805,3.659744268132343
JUMBO BAG RED WHITE SPOTTY,RED SPOTTY CHARLOTTE BAG,0.022257639041547594,0.2046488125315816,3.659744268132343
JUMBO BAG BAROQUE BLACK WHITE,RED SPOTTY CHARLOTTE BAG,0.010222026819081118,0.20032310177705978,3.582387380771872
JUMBO BAG STRAWBERRY,RED SPOTTY CHARLOTTE BAG,0.011623433721697076,0.23127392017495899,4.135882311060004
RED SPOTTY CHARLOTTE BAG,JUMBO BAG STRAWBERRY,0.011623433721697076,0.20786240786240787,4.135882311060004
RED SPOTTY CHARLOTTE BAG,WHITE HANGING HEART T-LIGHT HOLDER,0.014426247526928995,0.25798525798525795,1.7674321364080399
DOTCOM POSTAGE,RED SPOTTY CHARLOTTE BAG,0.011925697955594635,0.3067137809187279,5.484976862503364
RED SPOTTY CHARLOTTE BAG,DOTCOM POSTAGE,0.011925697955594635,0.21326781326781324,5.4849768625033635
LUNCH BAG WOODLAND,LUNCH BAG RED SPOTTY,0.02830292371949879,0.5359001040582727,6.383789390143588
LUNCH BAG RED SPOTTY,LUNCH BAG WOODLAND,0.02830292371949879,0.337152209492635,6.383789390143587
LUNCH BAG BLACK SKULL.,LUNCH BAG RED SPOTTY,0.03302923719498791,0.5125799573560768,6.105993390540866
LUNCH BAG RED SPOTTY,LUNCH BAG BLACK SKULL.,0.03302923719498791,0.39345335515548285,6.105993390540866
LUNCH BAG RED SPOTTY,LUNCH BAG CARS BLUE,0.02874258078698615,0.34238952536824874,6.039864084925501
LUNCH BAG CARS BLUE,LUNCH BAG RED SPOTTY,0.02874258078698615,0.5070285991274842,6.039864084925501
SET/5 RED SPOTTY LID GLASS BOWLS,LUNCH BAG RED SPOTTY,0.013354583424928556,0.24071322436849926,2.867442114965115
SET/20 RED SPOTTY PAPER NAPKINS,LUNCH BAG RED SPOTTY,0.013272147724774676,0.22772277227722773,2.7126962778110872
LUNCH BAG RED SPOTTY,PACK OF 72 RETRO SPOT CAKE CASES,0.021158496372829193,0.2520458265139116,2.94366229733449
PACK OF 72 RETRO SPOT CAKE CASES,LUNCH BAG RED SPOTTY,0.021158496372829193,0.2471116816431322,2.94366229733449
PACK OF 72 SKULL CAKE CASES,LUNCH BAG RED SPOTTY,0.011595955154979116,0.2857142857142857,3.4035071311667053
STRAWBERRY CERAMIC TRINKET BOX,LUNCH BAG RED SPOTTY,0.013656847658826115,0.20461095100864551,2.4373819080545425
JUMBO BAG SCANDINAVIAN PAISLEY,LUNCH BAG RED SPOTTY,0.010689162453286436,0.25292587776332903,3.012922600184311
JUMBO BAG PINK VINTAGE PAISLEY,LUNCH BAG RED SPOTTY,0.011788305122004836,0.2661290322580645,3.1702022068528586
JUMBO STORAGE BAG SKULLS,LUNCH BAG RED SPOTTY,0.011018905253901956,0.30447987851176916,3.6270480323405248
JUMBO STORAGE BAG SUKI,LUNCH BAG RED SPOTTY,0.018932732468674433,0.2962166809974205,3.5286145515083884
LUNCH BAG RED SPOTTY,JUMBO STORAGE BAG SUKI,0.018932732468674433,0.225531914893617,3.528614551508388
RED/WHITE SPOT PICNIC BAG,LUNCH BAG RED SPOTTY,0.011953176522312595,0.41666666666666663,4.963447899618112
"POPCORN HOLDER , SMALL",LUNCH BAG RED SPOTTY,0.012722576390415475,0.20324846356453027,2.4211515829919428
"ROUND SNACK BOXES ,SET4, WOODLAND",LUNCH BAG RED SPOTTY,0.010139591118927236,0.2654676258992806,3.162323352447338
LUNCHBOX WITH CUTLERY RETROSPOT,LUNCH BAG RED SPOTTY,0.010276983952517037,0.3348254252461952,3.988532528824725
"CHARLOTTE BAG , SUKI DESIGN",LUNCH BAG RED SPOTTY,0.017284018465596834,0.362536023054755,4.318628789200866
LUNCH BAG RED SPOTTY,"CHARLOTTE BAG , SUKI DESIGN",0.017284018465596834,0.20589198036006545,4.318628789200866
LUNCH BAG RED SPOTTY,"CHARLOTTE BAG , PINK/WHITE SPOTS",0.017119147065289074,0.2039279869067103,4.685194002215279
"CHARLOTTE BAG , PINK/WHITE SPOTS",LUNCH BAG RED SPOTTY,0.017119147065289074,0.39330808080808083,4.685194002215279
RECYCLING BAG RETROSPOT,LUNCH BAG RED SPOTTY,0.013299626291492636,0.30887045309508615,3.67934976400536
LUNCHBAG SPACEBOY DESIGN,LUNCH BAG RED SPOTTY,0.02761595955154979,0.46679052484904787,5.560537080296743
LUNCH BAG RED SPOTTY,LUNCHBAG SPACEBOY DESIGN,0.02761595955154979,0.32896890343698854,5.560537080296743
LUNCHBAG SUKI DESIGN,LUNCH BAG RED SPOTTY,0.03234227302703891,0.4910304547350855,5.849289790088128
LUNCH BAG RED SPOTTY,LUNCHBAG SUKI DESIGN,0.03234227302703891,0.38527004909983636,5.849289790088129
LUNCHBAG PINK RETROSPOT,LUNCH BAG RED SPOTTY,0.03176522312596175,0.5502141837220371,6.554302642884575
LUNCH BAG RED SPOTTY,LUNCHBAG PINK RETROSPOT,0.03176522312596175,0.3783960720130933,6.554302642884574
JUMBO BAG SPACEBOY DESIGN,LUNCH BAG RED SPOTTY,0.010744119586722356,0.31355252606255013,3.735123904572283
JUMBO BAG PINK WITH WHITE SPOTS,LUNCH BAG RED SPOTTY,0.016816882831391513,0.2730923694779116,3.2531513944484973
LUNCH BAG RED SPOTTY,JUMBO BAG PINK WITH WHITE SPOTS,0.016816882831391513,0.20032733224222585,3.2531513944484978
JUMBO SHOPPER VINTAGE RED PAISLEY,LUNCH BAG RED SPOTTY,0.014783468894262476,0.24566210045662104,2.9263944876652546
LUNCH BAG DOLLY GIRL DESIGN,LUNCH BAG RED SPOTTY,0.013904154759287756,0.5095669687814703,6.070101842191577
LUNCH BAG APPLE DESIGN,LUNCH BAG RED SPOTTY,0.013382061991646516,0.47053140096618357,5.605099425191932
LUNCH BAG DOILEY PATTERN,LUNCH BAG RED SPOTTY,0.012695097823697515,0.4215328467153284,5.021415174358177
60 TEATIME FAIRY CAKE CASES,LUNCH BAG RED SPOTTY,0.012502747856671796,0.21401693320790216,2.5494285542723323
LUNCH BAG RED SPOTTY,JUMBO BAG RED WHITE SPOTTY,0.030198944823038032,0.3597381342062193,3.3076276351775475
JUMBO BAG RED WHITE SPOTTY,LUNCH BAG RED SPOTTY,0.030198944823038032,0.2776654876200101,3.307627635177547
JUMBO BAG BAROQUE BLACK WHITE,LUNCH BAG RED SPOTTY,0.013656847658826115,0.267635971997846,3.1881532873799054
JUMBO BAG STRAWBERRY,LUNCH BAG RED SPOTTY,0.014288854693339195,0.28430836522689995,3.3867594197503577
LUNCH BAG RED SPOTTY,WHITE HANGING HEART T-LIGHT HOLDER,0.020361617938008354,0.2425531914893617,1.6617085362727506
DOTCOM POSTAGE,LUNCH BAG RED SPOTTY,0.010963948120466036,0.28197879858657243,3.359008981395268
LUNCH BAG BLACK SKULL.,LUNCH BAG WOODLAND,0.022669817542316992,0.35181236673773986,6.661371306097726
LUNCH BAG WOODLAND,LUNCH BAG BLACK SKULL.,0.022669817542316992,0.4292403746097815,6.661371306097726
LUNCH BAG WOODLAND,LUNCH BAG CARS BLUE,0.022587381842163114,0.4276795005202914,7.5444073596386065
LUNCH BAG CARS BLUE,LUNCH BAG WOODLAND,0.022587381842163114,0.3984488608822104,7.544407359638606
LUNCH BAG WOODLAND,PACK OF 72 RETRO SPOT CAKE CASES,0.012942404924159157,0.245057232049948,2.862041973286812
LUNCH BAG WOODLAND,JUMBO STORAGE BAG SUKI,0.012502747856671796,0.23673257023933403,3.7038571350601224
LUNCH BAG WOODLAND,"ROUND SNACK BOXES ,SET4, WOODLAND",0.011211255220927677,0.21227887617065558,5.557735871656473
"ROUND SNACK BOXES ,SET4, WOODLAND",LUNCH BAG WOODLAND,0.011211255220927677,0.29352517985611515,5.557735871656474
"CHARLOTTE BAG , SUKI DESIGN",LUNCH BAG WOODLAND,0.013024840624313036,0.27319884726224786,5.172868079899961
LUNCH BAG WOODLAND,"CHARLOTTE BAG , SUKI DESIGN",0.013024840624313036,0.2466181061394381,5.172868079899961
LUNCH BAG WOODLAND,"CHARLOTTE BAG , PINK/WHITE SPOTS",0.011156298087491757,0.21123829344432885,4.85314644888006
"CHARLOTTE BAG , PINK/WHITE SPOTS",LUNCH BAG WOODLAND,0.011156298087491757,0.2563131313131313,4.85314644888006
LUNCHBAG SPACEBOY DESIGN,LUNCH BAG WOODLAND,0.022862167509342713,0.38643752902926154,7.316979477852699
LUNCH BAG WOODLAND,LUNCHBAG SPACEBOY DESIGN,0.022862167509342713,0.43288241415192513,7.316979477852699
LUNCHBAG SUKI DESIGN,LUNCH BAG WOODLAND,0.022559903275445152,0.34251147267417603,6.4852640549212355
LUNCH BAG WOODLAND,LUNCHBAG SUKI DESIGN,0.022559903275445152,0.427159209157128,6.4852640549212355
LUNCH BAG WOODLAND,LUNCHBAG PINK RETROSPOT,0.020691360738623873,0.39177939646201876,6.786118893881859
LUNCHBAG PINK RETROSPOT,LUNCH BAG WOODLAND,0.020691360738623873,0.3584007615421228,6.786118893881859
LUNCH BAG WOODLAND,LUNCH BAG DOLLY GIRL DESIGN,0.011156298087491757,0.21123829344432885,7.741575000026199
LUNCH BAG DOLLY GIRL DESIGN,LUNCH BAG WOODLAND,0.011156298087491757,0.40886203423967776,7.741575000026199
LUNCH BAG APPLE DESIGN,LUNCH BAG WOODLAND,0.010139591118927236,0.3565217391304347,6.750540650590417
LUNCH BAG WOODLAND,JUMBO BAG RED WHITE SPOTTY,0.015580347329083316,0.29500520291363164,2.7124379344196266
LUNCH BAG WOODLAND,WHITE HANGING HEART T-LIGHT HOLDER,0.012557704990107716,0.2377731529656608,1.6289609530734803
LUNCH BAG BLACK SKULL.,LUNCH BAG CARS BLUE,0.024291052978676633,0.3769722814498934,6.649915301272187
LUNCH BAG CARS BLUE,LUNCH BAG BLACK SKULL.,0.024291052978676633,0.42850218128938444,6.649915301272187
LUNCH BAG BLACK SKULL.,PACK OF 72 RETRO SPOT CAKE CASES,0.014508683227082875,0.22515991471215352,2.629659697113187
PACK OF 72 SKULL CAKE CASES,LUNCH BAG BLACK SKULL.,0.011705869421850956,0.28842247799593773,4.476021671312651
JUMBO STORAGE BAG SKULLS,LUNCH BAG BLACK SKULL.,0.012667619256979555,0.35003796507213364,5.43223097010878
LUNCH BAG BLACK SKULL.,JUMBO STORAGE BAG SUKI,0.014563640360518795,0.22601279317697226,3.536138249912457
JUMBO STORAGE BAG SUKI,LUNCH BAG BLACK SKULL.,0.014563640360518795,0.22785898538263114,3.536138249912457
"CHARLOTTE BAG , SUKI DESIGN",LUNCH BAG BLACK SKULL.,0.014728511760826556,0.3089337175792507,4.794335117332235
LUNCH BAG BLACK SKULL.,"CHARLOTTE BAG , SUKI DESIGN",0.014728511760826556,0.2285714285714286,4.794335117332236
LUNCH BAG BLACK SKULL.,"CHARLOTTE BAG , PINK/WHITE SPOTS",0.013574411958672235,0.21066098081023454,4.839882836897763
"CHARLOTTE BAG , PINK/WHITE SPOTS",LUNCH BAG BLACK SKULL.,0.013574411958672235,0.31186868686868685,4.839882836897762
LUNCH BAG BLACK SKULL.,LUNCHBAG SPACEBOY DESIGN,0.02475818861288195,0.3842217484008528,6.49447183827396
LUNCHBAG SPACEBOY DESIGN,LUNCH BAG BLACK SKULL.,0.02475818861288195,0.41848583372039017,6.494471838273961
LUNCH BAG BLACK SKULL.,LUNCHBAG SUKI DESIGN,0.027808309518575512,0.43155650319829425,6.552025141590456
LUNCHBAG SUKI DESIGN,LUNCH BAG BLACK SKULL.,0.027808309518575512,0.4221944096787651,6.552025141590456
LUNCH BAG BLACK SKULL.,LUNCHBAG PINK RETROSPOT,0.026214552648933832,0.4068230277185501,7.0466937766461095
LUNCHBAG PINK RETROSPOT,LUNCH BAG BLACK SKULL.,0.026214552648933832,0.4540694907187054,7.0466937766461095
JUMBO BAG PINK WITH WHITE SPOTS,LUNCH BAG BLACK SKULL.,0.012337876456364036,0.2003569834895136,3.109335327569458
LUNCH BAG DOLLY GIRL DESIGN,LUNCH BAG BLACK SKULL.,0.011733347988568916,0.43001007049345413,6.673316198463874
LUNCH BAG APPLE DESIGN,LUNCH BAG BLACK SKULL.,0.011403605187953397,0.40096618357487923,6.222584798574416
LUNCH BAG DOILEY PATTERN,LUNCH BAG BLACK SKULL.,0.010304462519234997,0.3421532846715329,5.309868799900395
LUNCH BAG BLACK SKULL.,JUMBO BAG RED WHITE SPOTTY,0.018493075401187074,0.28699360341151386,2.6387749407154653
JUMBO BAG BAROQUE BLACK WHITE,LUNCH BAG BLACK SKULL.,0.010496812486260717,0.2057081313947227,3.1923796664037303
JUMBO BAG STRAWBERRY,LUNCH BAG BLACK SKULL.,0.010249505385799077,0.20393657736468015,3.164886960961808
LUNCH BAG BLACK SKULL.,WHITE HANGING HEART T-LIGHT HOLDER,0.015278083095185755,0.2371002132196162,1.6243507077349912
LUNCH BAG CARS BLUE,PACK OF 72 RETRO SPOT CAKE CASES,0.011925697955594635,0.21037324285021813,2.45696503652283
JUMBO STORAGE BAG SUKI,LUNCH BAG CARS BLUE,0.013079797757748956,0.20464316423043855,3.6099728709035968
LUNCH BAG CARS BLUE,JUMBO STORAGE BAG SUKI,0.013079797757748956,0.23073194377120698,3.6099728709035963
"CHARLOTTE BAG , SUKI DESIGN",LUNCH BAG CARS BLUE,0.013052319191030996,0.2737752161383285,4.829485053662652
LUNCH BAG CARS BLUE,"CHARLOTTE BAG , SUKI DESIGN",0.013052319191030996,0.23024721279689775,4.829485053662653
LUNCH BAG CARS BLUE,"CHARLOTTE BAG , PINK/WHITE SPOTS",0.012227962189492196,0.21570528356761998,4.955774418934865
"CHARLOTTE BAG , PINK/WHITE SPOTS",LUNCH BAG CARS BLUE,0.012227962189492196,0.2809343434343435,4.955774418934866
LUNCHBAG SPACEBOY DESIGN,LUNCH BAG CARS BLUE,0.022532424708727194,0.38086391082210874,6.718564926145508
LUNCH BAG CARS BLUE,LUNCHBAG SPACEBOY DESIGN,0.022532424708727194,0.3974793989335919,6.718564926145508
LUNCHBAG SUKI DESIGN,LUNCH BAG CARS BLUE,0.025884809848318313,0.392991239048811,6.932494993438842
LUNCH BAG CARS BLUE,LUNCHBAG SUKI DESIGN,0.025884809848318313,0.4566165777993214,6.932494993438842
LUNCHBAG PINK RETROSPOT,LUNCH BAG CARS BLUE,0.024730710046163992,0.42836744407425037,7.556542910688376
LUNCH BAG CARS BLUE,LUNCHBAG PINK RETROSPOT,0.024730710046163992,0.43625787687833256,7.556542910688377
LUNCH BAG DOLLY GIRL DESIGN,LUNCH BAG CARS BLUE,0.011101340954055837,0.4068479355488419,7.176931687102984
LUNCH BAG APPLE DESIGN,LUNCH BAG CARS BLUE,0.010084633985491316,0.3545893719806763,6.255073400446327
LUNCH BAG CARS BLUE,JUMBO BAG RED WHITE SPOTTY,0.016569575730929875,0.2922927775084828,2.687498423215944
LUNCH BAG CARS BLUE,WHITE HANGING HEART T-LIGHT HOLDER,0.013024840624313036,0.2297624818225885,1.5740806171851733
SET/5 RED SPOTTY LID GLASS BOWLS,PACK OF 72 RETRO SPOT CAKE CASES,0.015333040228621675,0.27637444279346207,3.22779804946716
SET/5 RED SPOTTY LID GLASS BOWLS,JUMBO BAG RED WHITE SPOTTY,0.013821719059133876,0.24913323427439327,2.2906661601095806
SET/5 RED SPOTTY LID GLASS BOWLS,WHITE HANGING HEART T-LIGHT HOLDER,0.014948340294570235,0.2694403169886082,1.84590964153792
PINK BLUE FELT CRAFT TRINKET BOX,PINK CREAM FELT CRAFT TRINKET BOX,0.017943504066827876,0.5713035870516187,14.914548163545557
PINK CREAM FELT CRAFT TRINKET BOX,PINK BLUE FELT CRAFT TRINKET BOX,0.017943504066827876,0.46843615494978486,14.914548163545556
12 PENCILS SMALL TUBE RED SPOTTY,12 PENCILS SMALL TUBE SKULL,0.011843262255440756,0.47995545657015587,21.274712515835706
12 PENCILS SMALL TUBE SKULL,12 PENCILS SMALL TUBE RED SPOTTY,0.011843262255440756,0.5249695493300852,21.274712515835702
REX CASH+CARRY JUMBO SHOPPER,WHITE HANGING HEART T-LIGHT HOLDER,0.011870740822158716,0.23052294557097117,1.5792904810276325
SET/20 STRAWBERRY PAPER NAPKINS,SET/20 RED SPOTTY PAPER NAPKINS,0.010414376786106837,0.5121621621621623,8.78764988467959
SET/6 RED SPOTTY PAPER CUPS,SET/20 RED SPOTTY PAPER NAPKINS,0.015305561661903715,0.6623067776456598,11.363822843979657
SET/20 RED SPOTTY PAPER NAPKINS,SET/6 RED SPOTTY PAPER CUPS,0.015305561661903715,0.2626119754832626,11.363822843979657
SET/6 RED SPOTTY PAPER PLATES,SET/20 RED SPOTTY PAPER NAPKINS,0.018822818201802594,0.6961382113821138,11.944300701847189
SET/20 RED SPOTTY PAPER NAPKINS,SET/6 RED SPOTTY PAPER PLATES,0.018822818201802594,0.32296086751532294,11.944300701847189
SET OF 72 RETRO SPOT PAPER DOILIES,SET/20 RED SPOTTY PAPER NAPKINS,0.010799076720158276,0.33908541846419327,5.818008745284734
SET/20 RED SPOTTY PAPER NAPKINS,PACK OF 72 RETRO SPOT CAKE CASES,0.020801275005495713,0.3569071192833569,4.168345277586625
PACK OF 72 RETRO SPOT CAKE CASES,SET/20 RED SPOTTY PAPER NAPKINS,0.020801275005495713,0.24293966623876762,4.168345277586625
SET/20 RED SPOTTY PAPER NAPKINS,PACK OF 60 PINK PAISLEY CAKE CASES,0.011788305122004836,0.20226308345120225,3.6951597052992735
PACK OF 60 PINK PAISLEY CAKE CASES,SET/20 RED SPOTTY PAPER NAPKINS,0.011788305122004836,0.21536144578313254,3.695159705299274
SET/20 RED SPOTTY PAPER NAPKINS,PAPER BUNTING RETRO SPOTS,0.012392833589799956,0.21263554926921263,4.554580876400934
PAPER BUNTING RETRO SPOTS,SET/20 RED SPOTTY PAPER NAPKINS,0.012392833589799956,0.2654502648616834,4.554580876400935
SET/20 RED SPOTTY PAPER NAPKINS,60 TEATIME FAIRY CAKE CASES,0.012118047922620357,0.20792079207920794,3.559103229231672
60 TEATIME FAIRY CAKE CASES,SET/20 RED SPOTTY PAPER NAPKINS,0.012118047922620357,0.20743179680150517,3.5591032292316718
SET/20 RED SPOTTY PAPER NAPKINS,JUMBO BAG RED WHITE SPOTTY,0.015635304462519234,0.2682696841112683,2.4666170652292254
SET/20 RED SPOTTY PAPER NAPKINS,WHITE HANGING HEART T-LIGHT HOLDER,0.013327104858210596,0.22866572371522867,1.566566833103276
DOTCOM POSTAGE,SET/20 RED SPOTTY PAPER NAPKINS,0.010991426687183996,0.2826855123674912,4.850302294237501
SET/6 RED SPOTTY PAPER PLATES,SET/6 RED SPOTTY PAPER CUPS,0.017888546933391956,0.6615853658536586,28.62831704416925
SET/6 RED SPOTTY PAPER CUPS,SET/6 RED SPOTTY PAPER PLATES,0.017888546933391956,0.7740784780023782,28.628317044169254
SET/6 RED SPOTTY PAPER PLATES,PACK OF 72 RETRO SPOT CAKE CASES,0.010057155418773356,0.3719512195121951,4.344046463571182
SET/10 PINK SPOTTY PARTY CANDLES,SET/10 RED SPOTTY PARTY CANDLES,0.011678390855132996,0.5266418835192069,22.00407741105738
SET/10 RED SPOTTY PARTY CANDLES,SET/10 PINK SPOTTY PARTY CANDLES,0.011678390855132996,0.48794489092996557,22.00407741105738
SET/10 BLUE SPOTTY PARTY CANDLES,SET/10 RED SPOTTY PARTY CANDLES,0.010331941085952957,0.5987261146496815,25.01589065939289
SET/10 RED SPOTTY PARTY CANDLES,SET/10 BLUE SPOTTY PARTY CANDLES,0.010331941085952957,0.4316877152698049,25.015890659392895
SET/10 PINK SPOTTY PARTY CANDLES,SET/10 BLUE SPOTTY PARTY CANDLES,0.013409540558364475,0.6047087980173482,35.042297097846074
SET/10 BLUE SPOTTY PARTY CANDLES,SET/10 PINK SPOTTY PARTY CANDLES,0.013409540558364475,0.7770700636942675,35.042297097846074
PAINTED METAL PEARS ASSORTED,ASSORTED COLOUR BIRD ORNAMENT,0.014536161793800835,0.7158322056833558,9.317083558379359
RED SPOTTY OVEN GLOVE,PACK OF 72 RETRO SPOT CAKE CASES,0.010854033853594196,0.43791574279379153,5.114451127006309
RED SPOTTY CHILDS APRON,CHILDS APRON SPACEBOY DESIGN,0.010881512420312156,0.426264800861141,13.4192289212272
CHILDS APRON SPACEBOY DESIGN,RED SPOTTY CHILDS APRON,0.010881512420312156,0.34256055363321797,13.4192289212272
GIN + TONIC DIET METAL SIGN,BEWARE OF THE CAT METAL SIGN,0.010359419652670917,0.2276570048309179,8.585382093064004
BEWARE OF THE CAT METAL SIGN,GIN + TONIC DIET METAL SIGN,0.010359419652670917,0.3906735751295337,8.585382093064004
GIN + TONIC DIET METAL SIGN,COOK WITH WINE METAL SIGN,0.018080896900417674,0.3973429951690821,10.1831734367558
COOK WITH WINE METAL SIGN,GIN + TONIC DIET METAL SIGN,0.018080896900417674,0.46338028169014084,10.1831734367558
COOK WITH WINE METAL SIGN,PLEASE ONE PERSON METAL SIGN,0.016047482963288635,0.4112676056338028,8.333435804134384
PLEASE ONE PERSON METAL SIGN,COOK WITH WINE METAL SIGN,0.016047482963288635,0.32516703786191536,8.333435804134384
COOK WITH WINE METAL SIGN,WHITE HANGING HEART T-LIGHT HOLDER,0.011953176522312595,0.30633802816901406,2.0986923044289836
COOK WITH WINE METAL SIGN,HAND OVER THE CHOCOLATE SIGN,0.015058254561442075,0.38591549295774646,9.652396302211896
HAND OVER THE CHOCOLATE SIGN,COOK WITH WINE METAL SIGN,0.015058254561442075,0.3766323024054983,9.652396302211896
POTTERING IN THE SHED METAL SIGN,WHITE HANGING HEART T-LIGHT HOLDER,0.010579248186414597,0.3395061728395062,2.3259240666369183
GIN + TONIC DIET METAL SIGN,PLEASE ONE PERSON METAL SIGN,0.017888546933391956,0.39311594202898553,7.965632161647462
PLEASE ONE PERSON METAL SIGN,GIN + TONIC DIET METAL SIGN,0.017888546933391956,0.36247216035634744,7.965632161647461
GIN + TONIC DIET METAL SIGN,CHOCOLATE THIS WAY METAL SIGN,0.010771598153440316,0.23671497584541062,8.84448809134105
CHOCOLATE THIS WAY METAL SIGN,GIN + TONIC DIET METAL SIGN,0.010771598153440316,0.40246406570841886,8.84448809134105
NO SINGING METAL SIGN,GIN + TONIC DIET METAL SIGN,0.011870740822158716,0.36,7.9113043478260865
GIN + TONIC DIET METAL SIGN,NO SINGING METAL SIGN,0.011870740822158716,0.2608695652173913,7.911304347826087
GIN + TONIC DIET METAL SIGN,JUMBO BAG RED WHITE SPOTTY,0.010084633985491316,0.2216183574879227,2.037679450657019
GIN + TONIC DIET METAL SIGN,WHITE HANGING HEART T-LIGHT HOLDER,0.014838426027698396,0.32608695652173914,2.2339903090623365
GIN + TONIC DIET METAL SIGN,LADIES & GENTLEMEN METAL SIGN,0.010359419652670917,0.2276570048309179,7.470598484947487
LADIES & GENTLEMEN METAL SIGN,GIN + TONIC DIET METAL SIGN,0.010359419652670917,0.33994589720468893,7.470598484947487
GIN + TONIC DIET METAL SIGN,HAND OVER THE CHOCOLATE SIGN,0.015992525829852715,0.35144927536231885,8.790338164251207
HAND OVER THE CHOCOLATE SIGN,GIN + TONIC DIET METAL SIGN,0.015992525829852715,0.39999999999999997,8.790338164251207
NO SINGING METAL SIGN,PLEASE ONE PERSON METAL SIGN,0.012310397889646076,0.37333333333333335,7.564780994803267
PLEASE ONE PERSON METAL SIGN,NO SINGING METAL SIGN,0.012310397889646076,0.24944320712694878,7.564780994803267
PLEASE ONE PERSON METAL SIGN,JUMBO BAG RED WHITE SPOTTY,0.010963948120466036,0.22216035634743875,2.0426628823132873
PLEASE ONE PERSON METAL SIGN,WHITE HANGING HEART T-LIGHT HOLDER,0.015140690261595955,0.30679287305122493,2.10180840287654
PLEASE ONE PERSON METAL SIGN,LADIES & GENTLEMEN METAL SIGN,0.012530226423389756,0.25389755011135856,8.331685882463987
LADIES & GENTLEMEN METAL SIGN,PLEASE ONE PERSON METAL SIGN,0.012530226423389756,0.41118124436429215,8.331685882463987
PLEASE ONE PERSON METAL SIGN,HAND OVER THE CHOCOLATE SIGN,0.014646076060672676,0.2967706013363029,7.422732456241055
HAND OVER THE CHOCOLATE SIGN,PLEASE ONE PERSON METAL SIGN,0.014646076060672676,0.3663230240549828,7.422732456241055
SET OF 72 RETRO SPOT PAPER DOILIES,PACK OF 72 RETRO SPOT CAKE CASES,0.016816882831391513,0.5280414150129422,6.167035678803271
PACK OF 72 SKULL CAKE CASES,PACK OF 72 RETRO SPOT CAKE CASES,0.02368652451088151,0.5836154366960054,6.816088887112011
PACK OF 72 RETRO SPOT CAKE CASES,PACK OF 72 SKULL CAKE CASES,0.02368652451088151,0.27663671373555837,6.816088887112011
SWEETHEART CERAMIC TRINKET BOX,PACK OF 72 RETRO SPOT CAKE CASES,0.010908990987030116,0.2682432432432433,3.1328331540783405
STRAWBERRY CERAMIC TRINKET BOX,PACK OF 72 RETRO SPOT CAKE CASES,0.017476368432622555,0.26183614656237136,3.058004186680943
PACK OF 72 RETRO SPOT CAKE CASES,STRAWBERRY CERAMIC TRINKET BOX,0.017476368432622555,0.20410783055198972,3.0580041866809426
RED TOADSTOOL LED NIGHT LIGHT,PACK OF 72 RETRO SPOT CAKE CASES,0.011513519454825236,0.2745740498034076,3.2067711233779232
VINTAGE SNAP CARDS,PACK OF 72 RETRO SPOT CAKE CASES,0.011018905253901956,0.21273209549071617,2.4845142551662844
RETRO SPOT CAKE STAND,PACK OF 72 RETRO SPOT CAKE CASES,0.012227962189492196,0.2925706771860618,3.41695509761077
JUMBO STORAGE BAG SUKI,PACK OF 72 RETRO SPOT CAKE CASES,0.013162233457902836,0.20593293207222702,2.4051063106458552
PACK OF 60 DINOSAUR CAKE CASES,PACK OF 72 RETRO SPOT CAKE CASES,0.020663882171905915,0.5775729646697388,6.745518398671738
PACK OF 72 RETRO SPOT CAKE CASES,PACK OF 60 DINOSAUR CAKE CASES,0.020663882171905915,0.24133504492939667,6.745518398671738
PACK OF 60 MUSHROOM CAKE CASES,PACK OF 72 RETRO SPOT CAKE CASES,0.015910090129698833,0.6094736842105263,7.118089318289304
PACK OF 60 PINK PAISLEY CAKE CASES,PACK OF 72 RETRO SPOT CAKE CASES,0.03052868762365355,0.5577309236947792,6.513781699326188
PACK OF 72 RETRO SPOT CAKE CASES,PACK OF 60 PINK PAISLEY CAKE CASES,0.03052868762365355,0.3565468549422336,6.513781699326188
6 RIBBONS RUSTIC CHARM,PACK OF 72 RETRO SPOT CAKE CASES,0.012530226423389756,0.260422615648201,3.0414954520761652
PAPER CHAIN KIT RETRO SPOT,PACK OF 72 RETRO SPOT CAKE CASES,0.011815783688722796,0.3071428571428571,3.5871446909957814
PAPER BUNTING RETRO SPOTS,PACK OF 72 RETRO SPOT CAKE CASES,0.013656847658826115,0.29252501471453796,3.4164218021474535
BAKING SET 9 PIECE RETROSPOT,PACK OF 72 RETRO SPOT CAKE CASES,0.010799076720158276,0.20727848101265822,2.420821078630506
"POPCORN HOLDER , SMALL",PACK OF 72 RETRO SPOT CAKE CASES,0.015278083095185755,0.2440737489025461,2.850555799121135
TEA BAG PLATE RED SPOTTY,PACK OF 72 RETRO SPOT CAKE CASES,0.010771598153440316,0.4096133751306165,4.783905631499806
"CHARLOTTE BAG , SUKI DESIGN",PACK OF 72 RETRO SPOT CAKE CASES,0.015387997362057594,0.3227665706051873,3.7696152238331115
"CHARLOTTE BAG , PINK/WHITE SPOTS",PACK OF 72 RETRO SPOT CAKE CASES,0.015058254561442075,0.34595959595959597,4.0404883235435225
RECYCLING BAG RETROSPOT,PACK OF 72 RETRO SPOT CAKE CASES,0.011925697955594635,0.27696234843650286,3.234664243999105
LUNCHBAG SUKI DESIGN,PACK OF 72 RETRO SPOT CAKE CASES,0.014069026159595516,0.21360033375052148,2.494654475561289
LUNCHBAG PINK RETROSPOT,PACK OF 72 RETRO SPOT CAKE CASES,0.011678390855132996,0.202284626368396,2.3624974720149767
PACK OF 60 SPACEBOY CAKE CASES,PACK OF 72 RETRO SPOT CAKE CASES,0.017009232798417234,0.5617059891107078,6.560206789382823
PACK OF 72 RETRO SPOT CAKE CASES,REGENCY CAKESTAND 3 TIER,0.018932732468674433,0.2211168164313222,2.0830657995259325
RECIPE BOX PANTRY YELLOW DESIGN,PACK OF 72 RETRO SPOT CAKE CASES,0.010524291052978677,0.2318401937046005,2.707679181417786
PARTY BUNTING,PACK OF 72 RETRO SPOT CAKE CASES,0.015305561661903715,0.2103474320241692,2.4566635899305407
SET OF 3 HEART COOKIE CUTTERS,PACK OF 72 RETRO SPOT CAKE CASES,0.011046383820619916,0.32263242375601925,3.7680485126216468
SET OF 3 BUTTERFLY COOKIE CUTTERS,PACK OF 72 RETRO SPOT CAKE CASES,0.010744119586722356,0.3513027852650494,4.102891836125057
BOX OF 24 COCKTAIL PARASOLS,PACK OF 72 RETRO SPOT CAKE CASES,0.012227962189492196,0.39696699375557537,4.636207585607477
ANTIQUE SILVER TEA GLASS ETCHED,PACK OF 72 RETRO SPOT CAKE CASES,0.010002198285337436,0.20717131474103587,2.419569475627656
SET OF 72 PINK HEART PAPER DOILIES,PACK OF 72 RETRO SPOT CAKE CASES,0.010441855352824797,0.37401574803149606,4.368158248511619
60 TEATIME FAIRY CAKE CASES,PACK OF 72 RETRO SPOT CAKE CASES,0.03289184436139811,0.5630291627469426,6.575660234495101
PACK OF 72 RETRO SPOT CAKE CASES,60 TEATIME FAIRY CAKE CASES,0.03289184436139811,0.3841463414634146,6.575660234495101
72 SWEETHEART FAIRY CAKE CASES,PACK OF 72 RETRO SPOT CAKE CASES,0.02203781050780391,0.5496915695681973,6.419889473596224
PACK OF 72 RETRO SPOT CAKE CASES,72 SWEETHEART FAIRY CAKE CASES,0.02203781050780391,0.2573812580231065,6.419889473596225
PACK OF 72 RETRO SPOT CAKE CASES,JUMBO BAG RED WHITE SPOTTY,0.020856232138931632,0.24358151476251602,2.2396206380084593
JUMBO BAG STRAWBERRY,PACK OF 72 RETRO SPOT CAKE CASES,0.010854033853594196,0.21596500820120285,2.522271687566808
PACK OF 72 RETRO SPOT CAKE CASES,WHITE HANGING HEART T-LIGHT HOLDER,0.020031875137392834,0.2339537869062901,1.6027948443324
DOTCOM POSTAGE,PACK OF 72 RETRO SPOT CAKE CASES,0.013299626291492636,0.34204946996466434,3.9948216659031015
PACK OF 60 DINOSAUR CAKE CASES,PACK OF 72 SKULL CAKE CASES,0.013821719059133876,0.38632872503840243,9.51880498415541
PACK OF 72 SKULL CAKE CASES,PACK OF 60 DINOSAUR CAKE CASES,0.013821719059133876,0.34055517941773866,9.51880498415541
PACK OF 72 SKULL CAKE CASES,PACK OF 60 PINK PAISLEY CAKE CASES,0.014563640360518795,0.35883547731888965,6.555592716159153
PACK OF 60 PINK PAISLEY CAKE CASES,PACK OF 72 SKULL CAKE CASES,0.014563640360518795,0.2660642570281124,6.555592716159152
PACK OF 72 SKULL CAKE CASES,PACK OF 60 SPACEBOY CAKE CASES,0.011623433721697076,0.2863913337846987,9.457670979213027
PACK OF 60 SPACEBOY CAKE CASES,PACK OF 72 SKULL CAKE CASES,0.011623433721697076,0.3838475499092559,9.457670979213027
PACK OF 72 SKULL CAKE CASES,60 TEATIME FAIRY CAKE CASES,0.016954275664981314,0.4177386594448206,7.150679818681049
60 TEATIME FAIRY CAKE CASES,PACK OF 72 SKULL CAKE CASES,0.016954275664981314,0.29021636876763873,7.1506798186810485
PACK OF 72 SKULL CAKE CASES,72 SWEETHEART FAIRY CAKE CASES,0.012310397889646076,0.3033175355450237,7.565683175842702
72 SWEETHEART FAIRY CAKE CASES,PACK OF 72 SKULL CAKE CASES,0.012310397889646076,0.30705962988348184,7.565683175842702
SWEETHEART CERAMIC TRINKET BOX,STRAWBERRY CERAMIC TRINKET BOX,0.03047373049021763,0.7493243243243244,11.226599757435492
STRAWBERRY CERAMIC TRINKET BOX,SWEETHEART CERAMIC TRINKET BOX,0.03047373049021763,0.4565664882667764,11.226599757435492
SWEETHEART CERAMIC TRINKET BOX,REGENCY CAKESTAND 3 TIER,0.010551769619696637,0.2594594594594595,2.444278707908012
SWEETHEART CERAMIC TRINKET BOX,WHITE HANGING HEART T-LIGHT HOLDER,0.013464497691800395,0.3310810810810811,2.268204575056985
PACK OF 60 PINK PAISLEY CAKE CASES,STRAWBERRY CERAMIC TRINKET BOX,0.011733347988568916,0.2143574297188755,3.211566728007129
PINK DOUGHNUT TRINKET POT,STRAWBERRY CERAMIC TRINKET BOX,0.012035612222466477,0.6329479768786127,9.483014728104765
"CHARLOTTE BAG , SUKI DESIGN",STRAWBERRY CERAMIC TRINKET BOX,0.012750054957133435,0.2674351585014409,4.006793037539908
"CHARLOTTE BAG , PINK/WHITE SPOTS",STRAWBERRY CERAMIC TRINKET BOX,0.012173005056056277,0.2796717171717172,4.190124796753039
STRAWBERRY CERAMIC TRINKET BOX,REGENCY CAKESTAND 3 TIER,0.014398768960211035,0.215726636475916,2.032286760194547
CERAMIC STRAWBERRY CAKE MONEY BANK,STRAWBERRY CERAMIC TRINKET BOX,0.011183776654209717,0.4646118721461187,6.960953170498786
STRAWBERRY CERAMIC TRINKET BOX,60 TEATIME FAIRY CAKE CASES,0.014453726093646955,0.2165500205846027,3.706814839658919
60 TEATIME FAIRY CAKE CASES,STRAWBERRY CERAMIC TRINKET BOX,0.014453726093646955,0.2474129821260583,3.706814839658919
STRAWBERRY CERAMIC TRINKET BOX,JUMBO BAG RED WHITE SPOTTY,0.015497911628929434,0.23219431864965004,2.1349205771344275
STRAWBERRY CERAMIC TRINKET BOX,WHITE HANGING HEART T-LIGHT HOLDER,0.020471532204880193,0.30671058048579664,2.1012446244426037
DOTCOM POSTAGE,STRAWBERRY CERAMIC TRINKET BOX,0.013299626291492636,0.34204946996466434,5.124686830363962
RED SPOTTY CUP,PINK SPOTTY CUP,0.012282919322928116,0.4955654101995566,24.046155210643015
PINK SPOTTY CUP,RED SPOTTY CUP,0.012282919322928116,0.596,24.046155210643015
RED SPOTTY CUP,BLUE SPOTTY CUP,0.012997362057595076,0.524390243902439,24.816137524184086
BLUE SPOTTY CUP,RED SPOTTY CUP,0.012997362057595076,0.6150845253576074,24.81613752418409
RED SPOTTY CUP,RED SPOTTY PLATE,0.011403605187953397,0.46008869179600886,25.484851859726565
RED SPOTTY PLATE,RED SPOTTY CUP,0.011403605187953397,0.6316590563165906,25.484851859726568
PINK SPOTTY CUP,BLUE SPOTTY CUP,0.014316333260057155,0.6946666666666667,32.87426441265713
BLUE SPOTTY CUP,PINK SPOTTY CUP,0.014316333260057155,0.6775032509752926,32.87426441265713
SMALL GLASS HEART TRINKET POT,WHITE HANGING HEART T-LIGHT HOLDER,0.010854033853594196,0.3733459357277883,2.557757020520646
IVORY HANGING DECORATION HEART,WHITE HANGING HEART T-LIGHT HOLDER,0.010139591118927236,0.5347826086956521,3.663744106862231
SCOTTIE DOG HOT WATER BOTTLE,RED SPOT HEART HOT WATER BOTTLE,0.016129918663442516,0.3487819370172312,9.177781816291452
RED SPOT HEART HOT WATER BOTTLE,SCOTTIE DOG HOT WATER BOTTLE,0.016129918663442516,0.42443962400578455,9.177781816291452
RED SPOT HEART HOT WATER BOTTLE,CHOCOLATE HOT WATER BOTTLE,0.012612662123543636,0.3318872017353579,7.05081088473622
CHOCOLATE HOT WATER BOTTLE,RED SPOT HEART HOT WATER BOTTLE,0.012612662123543636,0.2679509632224168,7.05081088473622
RED SPOT HEART HOT WATER BOTTLE,WHITE HANGING HEART T-LIGHT HOLDER,0.010524291052978677,0.2769342010122921,1.8972495186821037
RETRO SPOT SUGAR JAM BOWL,RETRO SPOT SMALL MILK JUG,0.013794240492415916,0.6469072164948454,21.247515724440806
RETRO SPOT SMALL MILK JUG,RETRO SPOT SUGAR JAM BOWL,0.013794240492415916,0.4530685920577618,21.24751572444081
RETRO SPOT SMALL MILK JUG,RETRO SPOT LARGE MILK JUG,0.013052319191030996,0.42870036101083037,16.353525721075616
RETRO SPOT LARGE MILK JUG,RETRO SPOT SMALL MILK JUG,0.013052319191030996,0.4979035639412998,16.353525721075616
SKULL LUNCHBOX WITH CUTLERY,STRAWBERRY LUNCHBOX WITH CUTLERY,0.010908990987030116,0.5189542483660131,15.492849061965503
STRAWBERRY LUNCHBOX WITH CUTLERY,SKULL LUNCHBOX WITH CUTLERY,0.010908990987030116,0.32567678424938473,15.492849061965503
STRAWBERRY LUNCHBOX WITH CUTLERY,LUNCHBOX WITH CUTLERY RETROSPOT,0.012750054957133435,0.3806398687448728,12.401294631480225
LUNCHBOX WITH CUTLERY RETROSPOT,STRAWBERRY LUNCHBOX WITH CUTLERY,0.012750054957133435,0.4153983885407341,12.401294631480225
BLUE STRIPE CERAMIC DRAWER KNOB,RED STRIPE CERAMIC DRAWER KNOB,0.013656847658826115,0.6181592039800995,27.267939092416704
RED STRIPE CERAMIC DRAWER KNOB,BLUE STRIPE CERAMIC DRAWER KNOB,0.013656847658826115,0.6024242424242424,27.267939092416707
BLUE SPOT CERAMIC DRAWER KNOB,RED STRIPE CERAMIC DRAWER KNOB,0.011348648054517477,0.5391644908616188,23.78336260780125
RED STRIPE CERAMIC DRAWER KNOB,BLUE SPOT CERAMIC DRAWER KNOB,0.011348648054517477,0.5006060606060606,23.78336260780125
RED STRIPE CERAMIC DRAWER KNOB,RED SPOT CERAMIC DRAWER KNOB,0.012392833589799956,0.5466666666666667,27.402607897153356
RED SPOT CERAMIC DRAWER KNOB,RED STRIPE CERAMIC DRAWER KNOB,0.012392833589799956,0.6212121212121212,27.402607897153352
RED STRIPE CERAMIC DRAWER KNOB,WHITE SPOT RED CERAMIC DRAWER KNOB,0.012035612222466477,0.530909090909091,23.764875321480492
WHITE SPOT RED CERAMIC DRAWER KNOB,RED STRIPE CERAMIC DRAWER KNOB,0.012035612222466477,0.5387453874538746,23.76487532148049
RED STRIPE CERAMIC DRAWER KNOB,WHITE SPOT BLUE CERAMIC DRAWER KNOB,0.010359419652670917,0.456969696969697,21.82420106577587
WHITE SPOT BLUE CERAMIC DRAWER KNOB,RED STRIPE CERAMIC DRAWER KNOB,0.010359419652670917,0.49475065616797903,21.82420106577587
BLUE STRIPE CERAMIC DRAWER KNOB,BLUE SPOT CERAMIC DRAWER KNOB,0.011403605187953397,0.5161691542288558,24.522751776366214
BLUE SPOT CERAMIC DRAWER KNOB,BLUE STRIPE CERAMIC DRAWER KNOB,0.011403605187953397,0.54177545691906,24.522751776366214
BLUE STRIPE CERAMIC DRAWER KNOB,RED SPOT CERAMIC DRAWER KNOB,0.010689162453286436,0.4838308457711443,24.252854186368438
RED SPOT CERAMIC DRAWER KNOB,BLUE STRIPE CERAMIC DRAWER KNOB,0.010689162453286436,0.5358126721763086,24.252854186368435
BLUE STRIPE CERAMIC DRAWER KNOB,WHITE SPOT RED CERAMIC DRAWER KNOB,0.010002198285337436,0.4527363184079602,20.26565817896985
WHITE SPOT RED CERAMIC DRAWER KNOB,BLUE STRIPE CERAMIC DRAWER KNOB,0.010002198285337436,0.44772447724477243,20.26565817896985
BLUE STRIPE CERAMIC DRAWER KNOB,WHITE SPOT BLUE CERAMIC DRAWER KNOB,0.010167069685645196,0.4601990049751244,21.978428069625625
WHITE SPOT BLUE CERAMIC DRAWER KNOB,BLUE STRIPE CERAMIC DRAWER KNOB,0.010167069685645196,0.4855643044619422,21.978428069625625
BLUE SPOT CERAMIC DRAWER KNOB,RED SPOT CERAMIC DRAWER KNOB,0.011183776654209717,0.5313315926892951,26.633910910673315
RED SPOT CERAMIC DRAWER KNOB,BLUE SPOT CERAMIC DRAWER KNOB,0.011183776654209717,0.5606060606060607,26.633910910673315
BLUE SPOT CERAMIC DRAWER KNOB,WHITE SPOT RED CERAMIC DRAWER KNOB,0.010084633985491316,0.4791122715404699,21.44631461980416
WHITE SPOT RED CERAMIC DRAWER KNOB,BLUE SPOT CERAMIC DRAWER KNOB,0.010084633985491316,0.45141451414514144,21.44631461980416
BLUE SPOT CERAMIC DRAWER KNOB,WHITE SPOT BLUE CERAMIC DRAWER KNOB,0.011760826555286876,0.5587467362924282,26.6849228702809
WHITE SPOT BLUE CERAMIC DRAWER KNOB,BLUE SPOT CERAMIC DRAWER KNOB,0.011760826555286876,0.5616797900262467,26.6849228702809
RED SPOT CERAMIC DRAWER KNOB,WHITE SPOT RED CERAMIC DRAWER KNOB,0.011705869421850956,0.5867768595041323,26.26566232604475
WHITE SPOT RED CERAMIC DRAWER KNOB,RED SPOT CERAMIC DRAWER KNOB,0.011705869421850956,0.5239852398523985,26.26566232604475
WHITE SPOT BLUE CERAMIC DRAWER KNOB,WHITE SPOT RED CERAMIC DRAWER KNOB,0.010524291052978677,0.5026246719160105,22.49879097216169
WHITE SPOT RED CERAMIC DRAWER KNOB,WHITE SPOT BLUE CERAMIC DRAWER KNOB,0.010524291052978677,0.4710947109471095,22.49879097216169
RED TOADSTOOL LED NIGHT LIGHT,JUMBO BAG RED WHITE SPOTTY,0.012695097823697515,0.30275229357798167,2.783668890320846
DOTCOM POSTAGE,RED TOADSTOOL LED NIGHT LIGHT,0.012585183556825676,0.3236749116607774,7.718989112161869
RED TOADSTOOL LED NIGHT LIGHT,DOTCOM POSTAGE,0.012585183556825676,0.30013106159895153,7.718989112161869
RED HANGING HEART T-LIGHT HOLDER,WHITE HANGING HEART T-LIGHT HOLDER,0.03390855132996263,0.7031339031339031,4.8171025984278995
WHITE HANGING HEART T-LIGHT HOLDER,RED HANGING HEART T-LIGHT HOLDER,0.03390855132996263,0.23230421686746988,4.8171025984278995
HOME BUILDING BLOCK WORD,LOVE BUILDING BLOCK WORD,0.02379643877775335,0.42018437651625423,9.037440797978443
LOVE BUILDING BLOCK WORD,HOME BUILDING BLOCK WORD,0.02379643877775335,0.5118203309692672,9.037440797978443
HOME BUILDING BLOCK WORD,WHITE HANGING HEART T-LIGHT HOLDER,0.020361617938008354,0.35953420669577874,2.4631341961733395
LOVE BUILDING BLOCK WORD,WHITE HANGING HEART T-LIGHT HOLDER,0.018465596834469113,0.39716312056737585,2.7209262582243867
VINTAGE HEADS AND TAILS CARD GAME,VINTAGE SNAP CARDS,0.021048582105957354,0.5838414634146342,11.271702141424598
VINTAGE SNAP CARDS,VINTAGE HEADS AND TAILS CARD GAME,0.021048582105957354,0.4063660477453581,11.271702141424598
VINTAGE SNAP CARDS,WOODEN BOX OF DOMINOES,0.013437019125082435,0.2594164456233422,8.421662166926556
WOODEN BOX OF DOMINOES,VINTAGE SNAP CARDS,0.013437019125082435,0.43621766280107044,8.421662166926556
VINTAGE SNAP CARDS,JUMBO BAG RED WHITE SPOTTY,0.011018905253901956,0.21273209549071617,1.9559743352951346
VINTAGE SNAP CARDS,WHITE HANGING HEART T-LIGHT HOLDER,0.012310397889646076,0.23766578249336873,1.6282253683167687
DOTCOM POSTAGE,VINTAGE SNAP CARDS,0.010606726753132557,0.272791519434629,5.266540570432371
VINTAGE SNAP CARDS,DOTCOM POSTAGE,0.010606726753132557,0.20477453580901858,5.266540570432371
RETRO SPOT CAKE STAND,REGENCY CAKESTAND 3 TIER,0.012805012090569355,0.30637738330046016,2.886276399966437
RETRO SPOT CAKE STAND,WHITE HANGING HEART T-LIGHT HOLDER,0.010057155418773356,0.24063116370808676,1.6485409091989258
"KEY FOB , GARAGE DESIGN","KEY FOB , SHED",0.012832490657287315,0.7508038585209003,32.722459903344436
"KEY FOB , SHED","KEY FOB , GARAGE DESIGN",0.012832490657287315,0.5592814371257485,32.722459903344436
"KEY FOB , BACK DOOR","KEY FOB , GARAGE DESIGN",0.011046383820619916,0.5843023255813953,34.18638301054363
"KEY FOB , GARAGE DESIGN","KEY FOB , BACK DOOR",0.011046383820619916,0.6463022508038584,34.18638301054362
"KEY FOB , BACK DOOR","KEY FOB , SHED",0.013217190591338756,0.6991279069767441,30.47025483915889
"KEY FOB , SHED","KEY FOB , BACK DOOR",0.013217190591338756,0.5760479041916168,30.47025483915889
"KEY FOB , BACK DOOR","KEY FOB , FRONT DOOR",0.010057155418773356,0.5319767441860465,40.84324403885781
"KEY FOB , FRONT DOOR","KEY FOB , BACK DOOR",0.010057155418773356,0.7721518987341771,40.843244038857804
CHOCOLATE THIS WAY METAL SIGN,HAND OVER THE CHOCOLATE SIGN,0.010936469553748076,0.4086242299794661,10.220380053204625
HAND OVER THE CHOCOLATE SIGN,CHOCOLATE THIS WAY METAL SIGN,0.010936469553748076,0.2735395189003436,10.220380053204625
RED HARMONICA IN BOX,BLUE HARMONICA IN BOX,0.012997362057595076,0.4660098522167488,17.61062361565101
BLUE HARMONICA IN BOX,RED HARMONICA IN BOX,0.012997362057595076,0.4911734164070613,17.61062361565101
JUMBO BAG SCANDINAVIAN PAISLEY,JUMBO BAG PINK VINTAGE PAISLEY,0.020801275005495713,0.49219765929778936,11.111698025536695
JUMBO BAG PINK VINTAGE PAISLEY,JUMBO BAG SCANDINAVIAN PAISLEY,0.020801275005495713,0.4696029776674938,11.111698025536695
JUMBO STORAGE BAG SKULLS,JUMBO BAG SCANDINAVIAN PAISLEY,0.010414376786106837,0.2877752467729689,6.809308699975218
JUMBO BAG SCANDINAVIAN PAISLEY,JUMBO STORAGE BAG SKULLS,0.010414376786106837,0.24642392717815348,6.809308699975217
JUMBO BAG SCANDINAVIAN PAISLEY,JUMBO STORAGE BAG SUKI,0.017586282699494395,0.4161248374512354,6.510582581481238
JUMBO STORAGE BAG SUKI,JUMBO BAG SCANDINAVIAN PAISLEY,0.017586282699494395,0.2751504729148753,6.510582581481238
JUMBO BAG SCANDINAVIAN PAISLEY,JUMBO BAG SPACEBOY DESIGN,0.010139591118927236,0.2399219765929779,7.001796769985286
JUMBO BAG SPACEBOY DESIGN,JUMBO BAG SCANDINAVIAN PAISLEY,0.010139591118927236,0.29591018444266237,7.001796769985286
JUMBO BAG PINK WITH WHITE SPOTS,JUMBO BAG SCANDINAVIAN PAISLEY,0.017696196966366234,0.28737170905845605,6.799760231505418
JUMBO BAG SCANDINAVIAN PAISLEY,JUMBO BAG PINK WITH WHITE SPOTS,0.017696196966366234,0.41872561768530564,6.799760231505418
JUMBO BAG SCANDINAVIAN PAISLEY,JUMBO SHOPPER VINTAGE RED PAISLEY,0.019070125302264235,0.4512353706111834,7.498336806978168
JUMBO SHOPPER VINTAGE RED PAISLEY,JUMBO BAG SCANDINAVIAN PAISLEY,0.019070125302264235,0.3168949771689498,7.498336806978168
JUMBO BAG SCANDINAVIAN PAISLEY,JUMBO BAG RED WHITE SPOTTY,0.025197845680369313,0.5962288686605982,5.482051790878345
JUMBO BAG RED WHITE SPOTTY,JUMBO BAG SCANDINAVIAN PAISLEY,0.025197845680369313,0.23168266801414855,5.482051790878345
JUMBO BAG SCANDINAVIAN PAISLEY,JUMBO BAG BAROQUE BLACK WHITE,0.015607825895801276,0.36931079323797145,7.237457397693192
JUMBO BAG BAROQUE BLACK WHITE,JUMBO BAG SCANDINAVIAN PAISLEY,0.015607825895801276,0.30586968228325256,7.237457397693191
JUMBO BAG STRAWBERRY,JUMBO BAG SCANDINAVIAN PAISLEY,0.014948340294570235,0.2974302897758338,7.037765348193852
JUMBO BAG SCANDINAVIAN PAISLEY,JUMBO BAG STRAWBERRY,0.014948340294570235,0.3537061118335501,7.037765348193852
JUMBO STORAGE BAG SKULLS,JUMBO BAG PINK VINTAGE PAISLEY,0.011183776654209717,0.30903568716780566,6.976691518244904
JUMBO BAG PINK VINTAGE PAISLEY,JUMBO STORAGE BAG SKULLS,0.011183776654209717,0.2524813895781638,6.976691518244903
JUMBO BAG PINK VINTAGE PAISLEY,JUMBO STORAGE BAG SUKI,0.017998461200263795,0.40632754342431765,6.357296629534725
JUMBO STORAGE BAG SUKI,JUMBO BAG PINK VINTAGE PAISLEY,0.017998461200263795,0.2815993121238177,6.357296629534725
JUMBO BAG PINK WITH WHITE SPOTS,JUMBO BAG PINK VINTAGE PAISLEY,0.017284018465596834,0.28067826863007583,6.336503444159876
JUMBO BAG PINK VINTAGE PAISLEY,JUMBO BAG PINK WITH WHITE SPOTS,0.017284018465596834,0.3901985111662531,6.336503444159876
JUMBO BAG PINK VINTAGE PAISLEY,JUMBO SHOPPER VINTAGE RED PAISLEY,0.018822818201802594,0.42493796526054595,7.061343576146935
JUMBO SHOPPER VINTAGE RED PAISLEY,JUMBO BAG PINK VINTAGE PAISLEY,0.018822818201802594,0.3127853881278539,7.061343576146935
JUMBO BAG PINK VINTAGE PAISLEY,JUMBO BAG RED WHITE SPOTTY,0.024978017146625633,0.5638957816377173,5.184763841677566
JUMBO BAG RED WHITE SPOTTY,JUMBO BAG PINK VINTAGE PAISLEY,0.024978017146625633,0.22966144517433046,5.184763841677565
JUMBO BAG PINK VINTAGE PAISLEY,JUMBO BAG BAROQUE BLACK WHITE,0.014151461859749396,0.31947890818858565,6.260891990737216
JUMBO BAG BAROQUE BLACK WHITE,JUMBO BAG PINK VINTAGE PAISLEY,0.014151461859749396,0.2773290253096392,6.260891990737215
JUMBO BAG STRAWBERRY,JUMBO BAG PINK VINTAGE PAISLEY,0.015937568696416795,0.31711317659923455,7.159046354093886
JUMBO BAG PINK VINTAGE PAISLEY,JUMBO BAG STRAWBERRY,0.015937568696416795,0.3598014888337469,7.159046354093886
JUMBO BAG PINK VINTAGE PAISLEY,WHITE HANGING HEART T-LIGHT HOLDER,0.010304462519234997,0.23263027295285363,1.5937275778050168
JUMBO STORAGE BAG SKULLS,JUMBO STORAGE BAG SUKI,0.018905253901956475,0.5223993925588459,8.173327039553534
JUMBO STORAGE BAG SUKI,JUMBO STORAGE BAG SKULLS,0.018905253901956475,0.295786758383491,8.173327039553534
JUMBO STORAGE BAG SKULLS,JUMBO BAG SPACEBOY DESIGN,0.010744119586722356,0.2968868640850418,8.664239581221203
JUMBO BAG SPACEBOY DESIGN,JUMBO STORAGE BAG SKULLS,0.010744119586722356,0.31355252606255013,8.664239581221203
JUMBO STORAGE BAG SKULLS,JUMBO BAG PINK WITH WHITE SPOTS,0.016129918663442516,0.44570994684889903,7.237963581314205
JUMBO BAG PINK WITH WHITE SPOTS,JUMBO STORAGE BAG SKULLS,0.016129918663442516,0.26193663543061135,7.237963581314205
JUMBO STORAGE BAG SKULLS,JUMBO SHOPPER VINTAGE RED PAISLEY,0.013739283358979995,0.3796507213363705,6.308789520946665
JUMBO SHOPPER VINTAGE RED PAISLEY,JUMBO STORAGE BAG SKULLS,0.013739283358979995,0.228310502283105,6.3087895209466645
JUMBO STORAGE BAG SKULLS,JUMBO BAG RED WHITE SPOTTY,0.019894482303803033,0.5497342444950645,5.054554983745423
JUMBO STORAGE BAG SKULLS,JUMBO BAG BAROQUE BLACK WHITE,0.013299626291492636,0.3675018982536067,7.202008121295237
JUMBO BAG BAROQUE BLACK WHITE,JUMBO STORAGE BAG SKULLS,0.013299626291492636,0.2606354334948842,7.202008121295236
JUMBO STORAGE BAG SKULLS,JUMBO BAG STRAWBERRY,0.011128819520773797,0.30751708428246016,6.118732493825746
JUMBO BAG STRAWBERRY,JUMBO STORAGE BAG SKULLS,0.011128819520773797,0.2214324767632586,6.118732493825746
SUKI SHOULDER BAG,JUMBO STORAGE BAG SUKI,0.010579248186414597,0.4180238870792617,6.540294625360487
"CHARLOTTE BAG , SUKI DESIGN",JUMBO STORAGE BAG SUKI,0.016597054297647833,0.3481268011527377,5.446702728955473
JUMBO STORAGE BAG SUKI,"CHARLOTTE BAG , SUKI DESIGN",0.016597054297647833,0.2596732588134136,5.446702728955473
"CHARLOTTE BAG , PINK/WHITE SPOTS",JUMBO STORAGE BAG SUKI,0.012695097823697515,0.2916666666666667,4.5633419317856125
RECYCLING BAG RETROSPOT,JUMBO STORAGE BAG SUKI,0.013656847658826115,0.3171665603063178,4.962306733734961
JUMBO STORAGE BAG SUKI,RECYCLING BAG RETROSPOT,0.013656847658826115,0.21367153912295786,4.962306733734961
LUNCHBAG SUKI DESIGN,JUMBO STORAGE BAG SUKI,0.019894482303803033,0.30204422194409675,4.7257065025750515
JUMBO STORAGE BAG SUKI,LUNCHBAG SUKI DESIGN,0.019894482303803033,0.3112639724849527,4.725706502575051
LUNCHBAG PINK RETROSPOT,JUMBO STORAGE BAG SUKI,0.013464497691800395,0.23322227510709187,3.6489359568775956
JUMBO STORAGE BAG SUKI,LUNCHBAG PINK RETROSPOT,0.013464497691800395,0.21066208082545143,3.6489359568775956
JUMBO STORAGE BAG SUKI,JUMBO BAG SPACEBOY DESIGN,0.017119147065289074,0.26784178847807394,7.816598529506068
JUMBO BAG SPACEBOY DESIGN,JUMBO STORAGE BAG SUKI,0.017119147065289074,0.49959903769045705,7.816598529506068
JUMBO BAG PINK WITH WHITE SPOTS,JUMBO STORAGE BAG SUKI,0.024730710046163992,0.40160642570281124,6.283431231374337
JUMBO STORAGE BAG SUKI,JUMBO BAG PINK WITH WHITE SPOTS,0.024730710046163992,0.38693035253654345,6.283431231374337
JUMBO STORAGE BAG SUKI,JUMBO SHOPPER VINTAGE RED PAISLEY,0.02464827434601011,0.38564058469475493,6.408325186397955
JUMBO SHOPPER VINTAGE RED PAISLEY,JUMBO STORAGE BAG SUKI,0.02464827434601011,0.4095890410958904,6.408325186397955
JUMBO BAG APPLES,JUMBO STORAGE BAG SUKI,0.010331941085952957,0.38485158648925283,6.021289310196427
JUMBO STORAGE BAG SUKI,JUMBO BAG RED WHITE SPOTTY,0.03638162233457903,0.5692175408426483,5.233694983917548
JUMBO BAG RED WHITE SPOTTY,JUMBO STORAGE BAG SUKI,0.03638162233457903,0.33451237998989386,5.233694983917548
JUMBO STORAGE BAG SUKI,JUMBO BAG BAROQUE BLACK WHITE,0.021515717740162674,0.3366294067067928,6.596993736603987
JUMBO BAG BAROQUE BLACK WHITE,JUMBO STORAGE BAG SUKI,0.021515717740162674,0.42164781906300486,6.596993736603987
JUMBO BAG STRAWBERRY,JUMBO STORAGE BAG SUKI,0.020141789404264674,0.4007654455986878,6.270273472152815
JUMBO STORAGE BAG SUKI,JUMBO BAG STRAWBERRY,0.020141789404264674,0.31513327601031815,6.270273472152815
JUMBO STORAGE BAG SUKI,WHITE HANGING HEART T-LIGHT HOLDER,0.014701033194108596,0.2300085984522786,1.5757667384930956
DOTCOM POSTAGE,JUMBO STORAGE BAG SUKI,0.015497911628929434,0.39858657243816253,6.236183380984356
JUMBO STORAGE BAG SUKI,DOTCOM POSTAGE,0.015497911628929434,0.24247635425623387,6.236183380984356
PINK VINTAGE PAISLEY PICNIC BAG,SCANDINAVIAN PAISLEY PICNIC BAG,0.010139591118927236,0.5922953451043338,33.26359907258783
SCANDINAVIAN PAISLEY PICNIC BAG,PINK VINTAGE PAISLEY PICNIC BAG,0.010139591118927236,0.5694444444444444,33.26359907258784
SKULL SHOULDER BAG,SUKI SHOULDER BAG,0.011128819520773797,0.5601659751037344,22.13415870355603
SUKI SHOULDER BAG,SKULL SHOULDER BAG,0.011128819520773797,0.4397394136807818,22.13415870355603
"CHARLOTTE BAG , SUKI DESIGN",SUKI SHOULDER BAG,0.010579248186414597,0.22190201729106626,8.768141382471752
SUKI SHOULDER BAG,"CHARLOTTE BAG , SUKI DESIGN",0.010579248186414597,0.4180238870792617,8.768141382471752
SUKI SHOULDER BAG,JUMBO BAG RED WHITE SPOTTY,0.011293690921081557,0.4462540716612378,4.103102116193978
DOTCOM POSTAGE,SUKI SHOULDER BAG,0.012777533523851395,0.3286219081272085,12.985025494642096
SUKI SHOULDER BAG,DOTCOM POSTAGE,0.012777533523851395,0.504885993485342,12.985025494642096
RED/WHITE SPOT PICNIC BAG,JUMBO BAG RED WHITE SPOTTY,0.012310397889646076,0.42911877394636017,3.9455508897058964
SET OF 36 PAISLEY FLOWER DOILIES,PACK OF 60 PINK PAISLEY CAKE CASES,0.010634205319850517,0.47896039603960394,8.75016402242634
PACK OF 60 DINOSAUR CAKE CASES,PACK OF 60 MUSHROOM CAKE CASES,0.010112112552209276,0.282642089093702,10.827274638208424
PACK OF 60 MUSHROOM CAKE CASES,PACK OF 60 DINOSAUR CAKE CASES,0.010112112552209276,0.38736842105263153,10.827274638208422
PACK OF 60 DINOSAUR CAKE CASES,PACK OF 60 PINK PAISLEY CAKE CASES,0.016129918663442516,0.45084485407066055,8.236519040833072
PACK OF 60 PINK PAISLEY CAKE CASES,PACK OF 60 DINOSAUR CAKE CASES,0.016129918663442516,0.2946787148594378,8.236519040833072
PACK OF 60 DINOSAUR CAKE CASES,PACK OF 60 SPACEBOY CAKE CASES,0.012502747856671796,0.3494623655913978,11.540503093105398
PACK OF 60 SPACEBOY CAKE CASES,PACK OF 60 DINOSAUR CAKE CASES,0.012502747856671796,0.4128856624319419,11.540503093105398
PACK OF 60 DINOSAUR CAKE CASES,60 TEATIME FAIRY CAKE CASES,0.018493075401187074,0.5168970814132104,8.848033201688407
60 TEATIME FAIRY CAKE CASES,PACK OF 60 DINOSAUR CAKE CASES,0.018493075401187074,0.3165569143932267,8.848033201688406
PACK OF 60 DINOSAUR CAKE CASES,72 SWEETHEART FAIRY CAKE CASES,0.014453726093646955,0.40399385560675877,10.076863874736919
72 SWEETHEART FAIRY CAKE CASES,PACK OF 60 DINOSAUR CAKE CASES,0.014453726093646955,0.36052090472926657,10.076863874736919
PACK OF 60 PINK PAISLEY CAKE CASES,PACK OF 60 MUSHROOM CAKE CASES,0.012750054957133435,0.23293172690763053,8.923001479602622
PACK OF 60 MUSHROOM CAKE CASES,PACK OF 60 PINK PAISLEY CAKE CASES,0.012750054957133435,0.4884210526315789,8.923001479602622
PACK OF 60 MUSHROOM CAKE CASES,60 TEATIME FAIRY CAKE CASES,0.012337876456364036,0.4726315789473684,8.090314403129177
60 TEATIME FAIRY CAKE CASES,PACK OF 60 MUSHROOM CAKE CASES,0.012337876456364036,0.21119473189087487,8.090314403129177
PACK OF 60 PINK PAISLEY CAKE CASES,PACK OF 60 SPACEBOY CAKE CASES,0.012145526489338317,0.22188755020080322,7.327524253092224
PACK OF 60 SPACEBOY CAKE CASES,PACK OF 60 PINK PAISLEY CAKE CASES,0.012145526489338317,0.40108892921960076,7.327524253092225
PACK OF 60 PINK PAISLEY CAKE CASES,REGENCY CAKESTAND 3 TIER,0.013272147724774676,0.2424698795180723,2.284225693870486
PACK OF 60 PINK PAISLEY CAKE CASES,60 TEATIME FAIRY CAKE CASES,0.02544515278083095,0.464859437751004,7.957274063327628
60 TEATIME FAIRY CAKE CASES,PACK OF 60 PINK PAISLEY CAKE CASES,0.02544515278083095,0.4355597365945437,7.957274063327628
PACK OF 60 PINK PAISLEY CAKE CASES,72 SWEETHEART FAIRY CAKE CASES,0.017503846999340513,0.31977911646586343,7.976286227844895
72 SWEETHEART FAIRY CAKE CASES,PACK OF 60 PINK PAISLEY CAKE CASES,0.017503846999340513,0.4366004112405757,7.976286227844895
PACK OF 60 PINK PAISLEY CAKE CASES,JUMBO BAG RED WHITE SPOTTY,0.012942404924159157,0.23644578313253015,2.1740108488527126
PACK OF 60 PINK PAISLEY CAKE CASES,WHITE HANGING HEART T-LIGHT HOLDER,0.013382061991646516,0.24447791164658636,1.674894608554701
DOTCOM POSTAGE,PACK OF 60 PINK PAISLEY CAKE CASES,0.010359419652670917,0.26643109540636045,4.867450012062385
SPACE BOY BIRTHDAY CARD,TEA PARTY BIRTHDAY CARD,0.011321169487799517,0.37454545454545457,16.130719741796664
TEA PARTY BIRTHDAY CARD,SPACE BOY BIRTHDAY CARD,0.011321169487799517,0.48757396449704143,16.130719741796664
6 RIBBONS RUSTIC CHARM,REGENCY CAKESTAND 3 TIER,0.012310397889646076,0.25585379782981155,2.4103110045618696
6 RIBBONS RUSTIC CHARM,JUMBO BAG RED WHITE SPOTTY,0.010112112552209276,0.2101656196459166,1.932376763555886
6 RIBBONS RUSTIC CHARM,WHITE HANGING HEART T-LIGHT HOLDER,0.012310397889646076,0.25585379782981155,1.7528297083250193
PAPER CHAIN KIT RETRO SPOT,PAPER CHAIN KIT 50'S CHRISTMAS,0.010799076720158276,0.2807142857142857,5.107877142857143
PAPER CHAIN KIT RETRO SPOT,PAPER BUNTING RETRO SPOTS,0.011898219388876675,0.3092857142857143,6.624794416883882
PAPER BUNTING RETRO SPOTS,PAPER CHAIN KIT RETRO SPOT,0.011898219388876675,0.2548557975279576,6.624794416883881
SET OF 20 VINTAGE CHRISTMAS NAPKINS,PAPER CHAIN KIT 50'S CHRISTMAS,0.010771598153440316,0.3609576427255985,6.567985267034991
PAPER CHAIN KIT 50'S CHRISTMAS,PAPER CHAIN KIT VINTAGE CHRISTMAS,0.023054517476368434,0.41950000000000004,10.766180535966152
PAPER CHAIN KIT VINTAGE CHRISTMAS,PAPER CHAIN KIT 50'S CHRISTMAS,0.023054517476368434,0.5916784203102963,10.766180535966152
PAPER CHAIN KIT 50'S CHRISTMAS,72 CAKE CASES VINTAGE CHRISTMAS,0.011815783688722796,0.215,6.869429323968394
72 CAKE CASES VINTAGE CHRISTMAS,PAPER CHAIN KIT 50'S CHRISTMAS,0.011815783688722796,0.3775241439859526,6.869429323968394
PAPER BUNTING RETRO SPOTS,PARTY BUNTING,0.012200483622774237,0.2613301942319011,3.5915137569816262
PAPER BUNTING RETRO SPOTS,JUMBO BAG RED WHITE SPOTTY,0.011925697955594635,0.2554443790464979,2.3486942501920547
DOTCOM POSTAGE,PAPER BUNTING RETRO SPOTS,0.010881512420312156,0.27985865724381626,5.9944769007751395
PAPER BUNTING RETRO SPOTS,DOTCOM POSTAGE,0.010881512420312156,0.23307828134196587,5.9944769007751395
SCOTTIE DOG HOT WATER BOTTLE,CHOCOLATE HOT WATER BOTTLE,0.017009232798417234,0.36779560308972076,7.813670512341575
CHOCOLATE HOT WATER BOTTLE,SCOTTIE DOG HOT WATER BOTTLE,0.017009232798417234,0.3613543490951547,7.813670512341575
HOT WATER BOTTLE TEA AND SYMPATHY,SCOTTIE DOG HOT WATER BOTTLE,0.013327104858210596,0.3073510773130545,6.645942011632014
SCOTTIE DOG HOT WATER BOTTLE,HOT WATER BOTTLE TEA AND SYMPATHY,0.013327104858210596,0.28817587641117054,6.645942011632014
SCOTTIE DOG HOT WATER BOTTLE,RED WOOLLY HOTTIE WHITE HEART.,0.010414376786106837,0.22519310754604874,7.182495679067314
RED WOOLLY HOTTIE WHITE HEART.,SCOTTIE DOG HOT WATER BOTTLE,0.010414376786106837,0.3321647677475898,7.182495679067314
SCOTTIE DOG HOT WATER BOTTLE,WHITE HANGING HEART T-LIGHT HOLDER,0.012035612222466477,0.26024955436720143,1.7829446126753004
HOT WATER BOTTLE TEA AND SYMPATHY,CHOCOLATE HOT WATER BOTTLE,0.021323367773136953,0.49176172370088717,10.44728117275113
CHOCOLATE HOT WATER BOTTLE,HOT WATER BOTTLE TEA AND SYMPATHY,0.021323367773136953,0.45300642148277875,10.447281172751131
HOT WATER BOTTLE I AM SO POORLY,CHOCOLATE HOT WATER BOTTLE,0.016816882831391513,0.6059405940594058,12.872965615300581
CHOCOLATE HOT WATER BOTTLE,HOT WATER BOTTLE I AM SO POORLY,0.016816882831391513,0.3572679509632224,12.872965615300583
CHOCOLATE HOT WATER BOTTLE,WHITE HANGING HEART T-LIGHT HOLDER,0.011513519454825236,0.24460011675423235,1.675731823968378
HOT WATER BOTTLE TEA AND SYMPATHY,HOT WATER BOTTLE I AM SO POORLY,0.012118047922620357,0.279467680608365,10.06969092346497
HOT WATER BOTTLE I AM SO POORLY,HOT WATER BOTTLE TEA AND SYMPATHY,0.012118047922620357,0.43663366336633663,10.06969092346497
HOT WATER BOTTLE TEA AND SYMPATHY,RED WOOLLY HOTTIE WHITE HEART.,0.010084633985491316,0.23257287705956906,7.417872166478384
RED WOOLLY HOTTIE WHITE HEART.,HOT WATER BOTTLE TEA AND SYMPATHY,0.010084633985491316,0.3216476774758983,7.417872166478384
HOT WATER BOTTLE TEA AND SYMPATHY,WHITE HANGING HEART T-LIGHT HOLDER,0.010496812486260717,0.2420785804816223,1.6584570220043675
BAKING SET 9 PIECE RETROSPOT,RETRO SPOT TEA SET CERAMIC 11 PC,0.014398768960211035,0.2763713080168776,4.81921640697183
RETRO SPOT TEA SET CERAMIC 11 PC,BAKING SET 9 PIECE RETROSPOT,0.014398768960211035,0.25107810253953045,4.819216406971831
BAKING SET SPACEBOY DESIGN,BAKING SET 9 PIECE RETROSPOT,0.015635304462519234,0.6046758767268863,11.606204908146015
BAKING SET 9 PIECE RETROSPOT,BAKING SET SPACEBOY DESIGN,0.015635304462519234,0.3001054852320675,11.606204908146015
RETRO SPOT TEA SET CERAMIC 11 PC,WHITE HANGING HEART T-LIGHT HOLDER,0.012063090789184437,0.21034978437949212,1.4410860981058882
FELTCRAFT BUTTERFLY HEARTS,FELTCRAFT 6 FLOWER FRIENDS,0.013107276324466916,0.4217506631299735,11.121992849728981
FELTCRAFT 6 FLOWER FRIENDS,FELTCRAFT BUTTERFLY HEARTS,0.013107276324466916,0.3456521739130435,11.121992849728981
3 STRIPEY MICE FELTCRAFT,FELTCRAFT 6 FLOWER FRIENDS,0.010276983952517037,0.3991462113127001,10.525890523254914
FELTCRAFT 6 FLOWER FRIENDS,3 STRIPEY MICE FELTCRAFT,0.010276983952517037,0.2710144927536232,10.525890523254915
METAL 4 HOOK HANGER FRENCH CHATEAU,WHITE HANGING HEART T-LIGHT HOLDER,0.010386898219388877,0.3806646525679758,2.6078968441742805
VICTORIAN GLASS HANGING T-LIGHT,REGENCY CAKESTAND 3 TIER,0.010991426687183996,0.2218524681087077,2.0899961220326406
VICTORIAN GLASS HANGING T-LIGHT,ANTIQUE SILVER TEA GLASS ETCHED,0.012310397889646076,0.24847476428175264,5.14655300042205
ANTIQUE SILVER TEA GLASS ETCHED,VICTORIAN GLASS HANGING T-LIGHT,0.012310397889646076,0.2549800796812749,5.14655300042205
VICTORIAN GLASS HANGING T-LIGHT,JUMBO BAG RED WHITE SPOTTY,0.010441855352824797,0.21075984470327233,1.9378403912181623
VICTORIAN GLASS HANGING T-LIGHT,WHITE HANGING HEART T-LIGHT HOLDER,0.015745218729391074,0.3178036605657238,2.177242246857647
VICTORIAN GLASS HANGING T-LIGHT,DOTCOM POSTAGE,0.010249505385799077,0.20687742651136995,5.320624244241538
DOTCOM POSTAGE,VICTORIAN GLASS HANGING T-LIGHT,0.010249505385799077,0.26360424028268553,5.320624244241538
CREAM HEART CARD HOLDER,WHITE HANGING HEART T-LIGHT HOLDER,0.015992525829852715,0.44907407407407407,3.0765631972333782
HEART MEASURING SPOONS LARGE,SMALL HEART MEASURING SPOONS,0.012420312156517916,0.5573366214549939,20.675427449531227
SMALL HEART MEASURING SPOONS,HEART MEASURING SPOONS LARGE,0.012420312156517916,0.46075433231396534,20.67542744953123
SMALL HEART MEASURING SPOONS,DOTCOM POSTAGE,0.011321169487799517,0.4199796126401631,10.801341387421072
DOTCOM POSTAGE,SMALL HEART MEASURING SPOONS,0.011321169487799517,0.29116607773851594,10.801341387421072
"POPCORN HOLDER , LARGE","POPCORN HOLDER , SMALL",0.012118047922620357,0.6837209302325582,10.92272699430345
"CHARLOTTE BAG , SUKI DESIGN","POPCORN HOLDER , SMALL",0.011376126621235437,0.23861671469740633,3.812001528212472
"CHARLOTTE BAG , PINK/WHITE SPOTS","POPCORN HOLDER , SMALL",0.010276983952517037,0.23611111111111113,3.7719734660033173
RECIPE BOX PANTRY YELLOW DESIGN,"POPCORN HOLDER , SMALL",0.010002198285337436,0.22033898305084745,3.5200071427508517
"POPCORN HOLDER , SMALL",JUMBO BAG RED WHITE SPOTTY,0.016789404264673555,0.2682177348551361,2.466139415575572
"POPCORN HOLDER , SMALL",WHITE HANGING HEART T-LIGHT HOLDER,0.014810947460980436,0.23661106233538193,1.6209995821741754
"POPCORN HOLDER , SMALL",DOTCOM POSTAGE,0.014343811826775115,0.22914837576821773,5.893404728591505
DOTCOM POSTAGE,"POPCORN HOLDER , SMALL",0.014343811826775115,0.36890459363957595,5.893404728591505
LOVEBIRD HANGING DECORATION WHITE,WHITE HANGING HEART T-LIGHT HOLDER,0.013821719059133876,0.43777197563098347,2.9991336101586503
DOTCOM POSTAGE,LOVEBIRD HANGING DECORATION WHITE,0.011458562321389316,0.29469964664310955,9.33395086217236
LOVEBIRD HANGING DECORATION WHITE,DOTCOM POSTAGE,0.011458562321389316,0.3629242819843342,9.33395086217236
FELTCRAFT DOLL MOLLY,FELTCRAFT DOLL ROSIE,0.011018905253901956,0.49567367119901107,22.920655962229237
FELTCRAFT DOLL ROSIE,FELTCRAFT DOLL MOLLY,0.011018905253901956,0.5095298602287166,22.92065596222924
HEART FILIGREE DOVE SMALL,WHITE HANGING HEART T-LIGHT HOLDER,0.010276983952517037,0.4348837209302326,2.9793464555898015
HEART IVORY TRELLIS LARGE,WHITE HANGING HEART T-LIGHT HOLDER,0.010634205319850517,0.4651442307692308,3.186658291821131
HEART IVORY TRELLIS SMALL,WHITE HANGING HEART T-LIGHT HOLDER,0.011540998021543196,0.4334365325077399,2.9694319071953448
COFFEE MUG CAT + BIRD DESIGN,COFFEE MUG DOG + BALL DESIGN,0.010854033853594196,0.6143079315707621,42.6639203162656
COFFEE MUG DOG + BALL DESIGN,COFFEE MUG CAT + BIRD DESIGN,0.010854033853594196,0.7538167938931297,42.663920316265596
"ROUND SNACK BOXES ,SET 4, FRUITS","ROUND SNACK BOXES ,SET4, WOODLAND",0.015552868762365356,0.4913194444444445,12.863379296562751
"ROUND SNACK BOXES ,SET4, WOODLAND","ROUND SNACK BOXES ,SET 4, FRUITS",0.015552868762365356,0.4071942446043166,12.863379296562751
POSTAGE,"ROUND SNACK BOXES ,SET4, WOODLAND",0.010991426687183996,0.23515579071134626,6.1566831191131755
"ROUND SNACK BOXES ,SET4, WOODLAND",POSTAGE,0.010991426687183996,0.28776978417266186,6.156683119113175
"CHARLOTTE BAG , SUKI DESIGN","CHARLOTTE BAG , PINK/WHITE SPOTS",0.02288964607606067,0.48011527377521607,11.03052717375484
"CHARLOTTE BAG , PINK/WHITE SPOTS","CHARLOTTE BAG , SUKI DESIGN",0.02288964607606067,0.5258838383838383,11.030527173754837
"CHARLOTTE BAG , SUKI DESIGN",LUNCHBAG SPACEBOY DESIGN,0.011540998021543196,0.2420749279538905,4.091774629864368
"CHARLOTTE BAG , SUKI DESIGN",LUNCHBAG SUKI DESIGN,0.016569575730929875,0.34755043227665705,5.276618828290406
LUNCHBAG SUKI DESIGN,"CHARLOTTE BAG , SUKI DESIGN",0.016569575730929875,0.25156445556946183,5.276618828290406
"CHARLOTTE BAG , SUKI DESIGN",LUNCHBAG PINK RETROSPOT,0.011238733787645637,0.23573487031700288,4.083228653296701
"CHARLOTTE BAG , SUKI DESIGN",JUMBO SHOPPER VINTAGE RED PAISLEY,0.010139591118927236,0.2126801152737752,3.5341802534443962
"CHARLOTTE BAG , SUKI DESIGN",REGENCY CAKESTAND 3 TIER,0.010524291052978677,0.22074927953890489,2.079603360336481
"CHARLOTTE BAG , SUKI DESIGN",PARTY BUNTING,0.011348648054517477,0.23804034582132563,3.2714366560157413
"CHARLOTTE BAG , SUKI DESIGN",JUMBO BAG RED WHITE SPOTTY,0.016652011431083753,0.3492795389048991,3.211465634114979
"CHARLOTTE BAG , SUKI DESIGN",WHITE HANGING HEART T-LIGHT HOLDER,0.012777533523851395,0.2680115273775216,1.8361211416270269
"CHARLOTTE BAG , SUKI DESIGN",DOTCOM POSTAGE,0.011898219388876675,0.24956772334293945,6.418564373071557
DOTCOM POSTAGE,"CHARLOTTE BAG , SUKI DESIGN",0.011898219388876675,0.3060070671378092,6.418564373071557
"CHARLOTTE BAG , PINK/WHITE SPOTS",LUNCHBAG SPACEBOY DESIGN,0.010854033853594196,0.24936868686868688,4.215060498153857
"CHARLOTTE BAG , PINK/WHITE SPOTS",LUNCHBAG SUKI DESIGN,0.012722576390415475,0.2922979797979798,4.4377588989604
LUNCHBAG PINK RETROSPOT,"CHARLOTTE BAG , PINK/WHITE SPOTS",0.012585183556825676,0.2179914326511185,5.008298116817869
"CHARLOTTE BAG , PINK/WHITE SPOTS",LUNCHBAG PINK RETROSPOT,0.012585183556825676,0.28914141414141414,5.008298116817869
"CHARLOTTE BAG , PINK/WHITE SPOTS",JUMBO BAG PINK WITH WHITE SPOTS,0.011458562321389316,0.26325757575757575,4.27508687950455
"CHARLOTTE BAG , PINK/WHITE SPOTS",REGENCY CAKESTAND 3 TIER,0.010057155418773356,0.23106060606060605,2.176742836074961
"CHARLOTTE BAG , PINK/WHITE SPOTS",PARTY BUNTING,0.010194548252363156,0.2342171717171717,3.218894000427233
"CHARLOTTE BAG , PINK/WHITE SPOTS",JUMBO BAG RED WHITE SPOTTY,0.016267311497032314,0.37373737373737376,3.436344240790931
"CHARLOTTE BAG , PINK/WHITE SPOTS",WHITE HANGING HEART T-LIGHT HOLDER,0.011733347988568916,0.26957070707070707,1.8468029314226604
DOTCOM POSTAGE,"CHARLOTTE BAG , PINK/WHITE SPOTS",0.010496812486260717,0.26996466431095406,6.202369989649142
"CHARLOTTE BAG , PINK/WHITE SPOTS",DOTCOM POSTAGE,0.010496812486260717,0.2411616161616162,6.202369989649142
CHILDS APRON SPACEBOY DESIGN,PINK FAIRY CAKE CHILD'S APRON,0.011980655089030557,0.3771626297577855,12.061249931586406
PINK FAIRY CAKE CHILD'S APRON,CHILDS APRON SPACEBOY DESIGN,0.011980655089030557,0.3831282952548331,12.061249931586406
RECYCLING BAG RETROSPOT,TOY TIDY PINK RETROSPOT,0.017256539898878875,0.40076579451180605,13.270854225544717
TOY TIDY PINK RETROSPOT,RECYCLING BAG RETROSPOT,0.017256539898878875,0.5714285714285714,13.270854225544717
RECYCLING BAG RETROSPOT,LUNCHBAG SUKI DESIGN,0.010826555286876236,0.25143586470963625,3.817377550485224
JUMBO BAG PINK WITH WHITE SPOTS,RECYCLING BAG RETROSPOT,0.013739283358979995,0.22311468094600623,5.181614211223394
RECYCLING BAG RETROSPOT,JUMBO BAG PINK WITH WHITE SPOTS,0.013739283358979995,0.3190810465858328,5.181614211223395
RECYCLING BAG RETROSPOT,JUMBO SHOPPER VINTAGE RED PAISLEY,0.012310397889646076,0.2858966177409062,4.750844617729251
JUMBO SHOPPER VINTAGE RED PAISLEY,RECYCLING BAG RETROSPOT,0.012310397889646076,0.2045662100456621,4.750844617729251
RECYCLING BAG RETROSPOT,JUMBO BAG RED WHITE SPOTTY,0.020938667839085514,0.4862795149968092,4.471117763962577
RECYCLING BAG RETROSPOT,WHITE HANGING HEART T-LIGHT HOLDER,0.010991426687183996,0.2552648372686662,1.7487947962878956
RECYCLING BAG RETROSPOT,DOTCOM POSTAGE,0.014563640360518795,0.3382259093809828,8.698740137238676
DOTCOM POSTAGE,RECYCLING BAG RETROSPOT,0.014563640360518795,0.3745583038869258,8.698740137238675
TOY TIDY PINK RETROSPOT,JUMBO BAG PINK WITH WHITE SPOTS,0.011623433721697076,0.3848953594176524,6.2503846139791195
TOY TIDY PINK RETROSPOT,JUMBO BAG RED WHITE SPOTTY,0.013409540558364475,0.4440400363967243,4.082745074418795
LUNCHBAG SPACEBOY DESIGN,LUNCHBAG SUKI DESIGN,0.02816553088590899,0.4760798885276359,7.227993034333635
LUNCHBAG SUKI DESIGN,LUNCHBAG SPACEBOY DESIGN,0.02816553088590899,0.4276178556528994,7.227993034333634
LUNCHBAG SPACEBOY DESIGN,LUNCHBAG PINK RETROSPOT,0.023136953176522312,0.39108221086855555,6.774042750084947
LUNCHBAG PINK RETROSPOT,LUNCHBAG SPACEBOY DESIGN,0.023136953176522312,0.4007615421227987,6.774042750084947
JUMBO BAG SPACEBOY DESIGN,LUNCHBAG SPACEBOY DESIGN,0.010331941085952957,0.301523656776263,5.096632102834076
LUNCHBAG SPACEBOY DESIGN,LUNCH BAG DOLLY GIRL DESIGN,0.015113211694877995,0.2554575011611705,9.362144393008375
LUNCH BAG DOLLY GIRL DESIGN,LUNCHBAG SPACEBOY DESIGN,0.015113211694877995,0.553877139979859,9.362144393008373
LUNCH BAG APPLE DESIGN,LUNCHBAG SPACEBOY DESIGN,0.010799076720158276,0.3797101449275362,6.4182125379483965
LUNCHBAG SPACEBOY DESIGN,JUMBO BAG RED WHITE SPOTTY,0.014755990327544516,0.24941941477008828,2.2932974588966784
LUNCHBAG SPACEBOY DESIGN,WHITE HANGING HEART T-LIGHT HOLDER,0.012585183556825676,0.2127264282396656,1.4573682561178296
LUNCHBAG SUKI DESIGN,LUNCHBAG PINK RETROSPOT,0.02517036711365135,0.3821443471005423,6.619227548635381
LUNCHBAG PINK RETROSPOT,LUNCHBAG SUKI DESIGN,0.02517036711365135,0.435982865302237,6.619227548635381
LUNCHBAG SUKI DESIGN,JUMBO BAG PINK WITH WHITE SPOTS,0.014233897559903275,0.2161034626616604,3.509342799278512
JUMBO BAG PINK WITH WHITE SPOTS,LUNCHBAG SUKI DESIGN,0.014233897559903275,0.23114680946006247,3.509342799278512
LUNCHBAG SUKI DESIGN,JUMBO SHOPPER VINTAGE RED PAISLEY,0.013684326225544075,0.20775969962453064,3.452415976591744
JUMBO SHOPPER VINTAGE RED PAISLEY,LUNCHBAG SUKI DESIGN,0.013684326225544075,0.2273972602739726,3.452415976591744
LUNCHBAG SUKI DESIGN,LUNCH BAG DOLLY GIRL DESIGN,0.013519454825236315,0.2052565707133917,7.522353596577795
LUNCH BAG DOLLY GIRL DESIGN,LUNCHBAG SUKI DESIGN,0.013519454825236315,0.4954682779456193,7.522353596577796
LUNCH BAG APPLE DESIGN,LUNCHBAG SUKI DESIGN,0.012337876456364036,0.43381642512077295,6.5863359795557646
LUNCH BAG DOILEY PATTERN,LUNCHBAG SUKI DESIGN,0.010057155418773356,0.333941605839416,5.070005389949114
LUNCHBAG SUKI DESIGN,JUMBO BAG RED WHITE SPOTTY,0.020499010771598155,0.3112223612849395,2.861547289510237
JUMBO BAG BAROQUE BLACK WHITE,LUNCHBAG SUKI DESIGN,0.010881512420312156,0.21324717285945072,3.2375849456408554
JUMBO BAG STRAWBERRY,LUNCHBAG SUKI DESIGN,0.011156298087491757,0.2219792236194642,3.3701576578888366
LUNCHBAG SUKI DESIGN,WHITE HANGING HEART T-LIGHT HOLDER,0.015497911628929434,0.2352941176470588,1.6119773210489015
JUMBO BAG PINK WITH WHITE SPOTS,LUNCHBAG PINK RETROSPOT,0.016926797098263356,0.27487728692547975,4.761225238358905
LUNCHBAG PINK RETROSPOT,JUMBO BAG PINK WITH WHITE SPOTS,0.016926797098263356,0.29319371727748694,4.761225238358905
LUNCH BAG DOLLY GIRL DESIGN,LUNCHBAG PINK RETROSPOT,0.010551769619696637,0.3867069486404834,6.698257627284375
LUNCHBAG PINK RETROSPOT,JUMBO BAG RED WHITE SPOTTY,0.018712903934930754,0.32413136601618275,2.980239684704629
JUMBO BAG STRAWBERRY,LUNCHBAG PINK RETROSPOT,0.010991426687183996,0.2186987424822307,3.7881411882024465
LUNCHBAG PINK RETROSPOT,WHITE HANGING HEART T-LIGHT HOLDER,0.014343811826775115,0.2484531175630652,1.70212836113612
JUMBO BAG PINK WITH WHITE SPOTS,JUMBO BAG SPACEBOY DESIGN,0.017119147065289074,0.2780008924587238,8.113078170295008
JUMBO BAG SPACEBOY DESIGN,JUMBO BAG PINK WITH WHITE SPOTS,0.017119147065289074,0.49959903769045705,8.113078170295008
JUMBO BAG SPACEBOY DESIGN,JUMBO SHOPPER VINTAGE RED PAISLEY,0.013986590459441636,0.4081796311146752,6.782864445445324
JUMBO SHOPPER VINTAGE RED PAISLEY,JUMBO BAG SPACEBOY DESIGN,0.013986590459441636,0.23242009132420094,6.782864445445325
JUMBO BAG SPACEBOY DESIGN,JUMBO BAG RED WHITE SPOTTY,0.020114310837546712,0.5870088211708099,5.397277670552833
JUMBO BAG SPACEBOY DESIGN,JUMBO BAG BAROQUE BLACK WHITE,0.010744119586722356,0.31355252606255013,6.144751496213422
JUMBO BAG BAROQUE BLACK WHITE,JUMBO BAG SPACEBOY DESIGN,0.010744119586722356,0.2105546580506193,6.144751496213422
JUMBO BAG STRAWBERRY,JUMBO BAG SPACEBOY DESIGN,0.010249505385799077,0.20393657736468015,5.951611807101395
JUMBO BAG SPACEBOY DESIGN,JUMBO BAG STRAWBERRY,0.010249505385799077,0.29911788291900565,5.951611807101396
JUMBO BAG PINK WITH WHITE SPOTS,JUMBO SHOPPER VINTAGE RED PAISLEY,0.023164431743240274,0.37617135207496655,6.250971618590038
JUMBO SHOPPER VINTAGE RED PAISLEY,JUMBO BAG PINK WITH WHITE SPOTS,0.023164431743240274,0.3849315068493151,6.250971618590038
JUMBO BAG APPLES,JUMBO BAG PINK WITH WHITE SPOTS,0.010029676852055396,0.3735926305015353,6.06683757662288
JUMBO BAG PINK WITH WHITE SPOTS,JUMBO BAG RED WHITE SPOTTY,0.03918443613981095,0.6363230700580099,5.850699637582389
JUMBO BAG RED WHITE SPOTTY,JUMBO BAG PINK WITH WHITE SPOTS,0.03918443613981095,0.3602829711975745,5.850699637582388
JUMBO BAG PINK WITH WHITE SPOTS,JUMBO BAG BAROQUE BLACK WHITE,0.019674653770059353,0.31950022311468096,6.261309703602299
JUMBO BAG BAROQUE BLACK WHITE,JUMBO BAG PINK WITH WHITE SPOTS,0.019674653770059353,0.38556812062466345,6.261309703602299
JUMBO BAG STRAWBERRY,JUMBO BAG PINK WITH WHITE SPOTS,0.020856232138931632,0.4149808638600328,6.73894850405815
JUMBO BAG PINK WITH WHITE SPOTS,JUMBO BAG STRAWBERRY,0.020856232138931632,0.3386880856760375,6.73894850405815
JUMBO BAG PINK WITH WHITE SPOTS,DOTCOM POSTAGE,0.012585183556825676,0.20437304774654172,5.25621480819233
DOTCOM POSTAGE,JUMBO BAG PINK WITH WHITE SPOTS,0.012585183556825676,0.3236749116607774,5.25621480819233
JUMBO SHOPPER VINTAGE RED PAISLEY,JUMBO BAG RED WHITE SPOTTY,0.03179270169267971,0.528310502283105,4.857573471219494
JUMBO BAG RED WHITE SPOTTY,JUMBO SHOPPER VINTAGE RED PAISLEY,0.03179270169267971,0.29231935320869123,4.857573471219494
JUMBO SHOPPER VINTAGE RED PAISLEY,JUMBO BAG BAROQUE BLACK WHITE,0.019647175203341395,0.32648401826484025,6.398172532414683
JUMBO BAG BAROQUE BLACK WHITE,JUMBO SHOPPER VINTAGE RED PAISLEY,0.019647175203341395,0.3850296176628972,6.398172532414683
JUMBO BAG STRAWBERRY,JUMBO SHOPPER VINTAGE RED PAISLEY,0.015223125961749835,0.30289775833788957,5.033358548599305
JUMBO SHOPPER VINTAGE RED PAISLEY,JUMBO BAG STRAWBERRY,0.015223125961749835,0.25296803652968036,5.033358548599304
DOTCOM POSTAGE,JUMBO SHOPPER VINTAGE RED PAISLEY,0.012502747856671796,0.3215547703180212,5.343388676444488
JUMBO SHOPPER VINTAGE RED PAISLEY,DOTCOM POSTAGE,0.012502747856671796,0.2077625570776256,5.343388676444488
60 TEATIME FAIRY CAKE CASES,PACK OF 60 SPACEBOY CAKE CASES,0.014288854693339195,0.24459078080903104,8.07726651107283
PACK OF 60 SPACEBOY CAKE CASES,60 TEATIME FAIRY CAKE CASES,0.014288854693339195,0.47186932849364793,8.07726651107283
NATURAL SLATE HEART CHALKBOARD,REGENCY CAKESTAND 3 TIER,0.011211255220927677,0.20088626292466766,1.8924806834984482
RECIPE BOX PANTRY YELLOW DESIGN,REGENCY CAKESTAND 3 TIER,0.012255440756210156,0.26997578692493945,2.5433494273291215
GREEN REGENCY TEACUP AND SAUCER,REGENCY CAKESTAND 3 TIER,0.019812046603649155,0.5332840236686391,5.023886147902955
PINK REGENCY TEACUP AND SAUCER,REGENCY CAKESTAND 3 TIER,0.015223125961749835,0.5389105058365758,5.076891309449824
ROSES REGENCY TEACUP AND SAUCER,REGENCY CAKESTAND 3 TIER,0.020444053638162235,0.5239436619718311,4.93589379924382
PARTY BUNTING,REGENCY CAKESTAND 3 TIER,0.017338975599032753,0.23829305135951662,2.244877226268581
ANTIQUE SILVER TEA GLASS ETCHED,REGENCY CAKESTAND 3 TIER,0.010771598153440316,0.22310756972111553,2.1018200044760125
60 TEATIME FAIRY CAKE CASES,REGENCY CAKESTAND 3 TIER,0.012585183556825676,0.2154280338664158,2.0294737272758487
DOTCOM POSTAGE,REGENCY CAKESTAND 3 TIER,0.013024840624313036,0.33498233215547707,3.1557538265084446
NATURAL SLATE HEART CHALKBOARD,HEART OF WICKER SMALL,0.011705869421850956,0.20974889217134415,3.5652413283043236
NATURAL SLATE HEART CHALKBOARD,JUMBO BAG RED WHITE SPOTTY,0.012420312156517916,0.2225504677498769,2.046249778260111
NATURAL SLATE HEART CHALKBOARD,WHITE HANGING HEART T-LIGHT HOLDER,0.018795339635084635,0.33677991137370755,2.307246712106921
DOTCOM POSTAGE,NATURAL SLATE HEART CHALKBOARD,0.011156298087491757,0.2869257950530036,5.141212965814331
HEART OF WICKER LARGE,HEART OF WICKER SMALL,0.02750604528467795,0.5141242937853108,8.738912330422714
HEART OF WICKER SMALL,HEART OF WICKER LARGE,0.02750604528467795,0.4675385333956095,8.738912330422712
HEART OF WICKER SMALL,WHITE HANGING HEART T-LIGHT HOLDER,0.020608925038469995,0.35030359645025694,2.3998961750786427
WICKER STAR,HEART OF WICKER LARGE,0.010579248186414597,0.45081967213114754,8.42641474483653
HEART OF WICKER LARGE,WHITE HANGING HEART T-LIGHT HOLDER,0.020526489338316113,0.3836671802773498,2.6284668721109403
PLASTERS IN TIN SKULLS,PLASTERS IN TIN SPACEBOY,0.011815783688722796,0.39449541284403666,11.05194539200938
PLASTERS IN TIN SPACEBOY,PLASTERS IN TIN SKULLS,0.011815783688722796,0.33102386451116245,11.05194539200938
PLASTERS IN TIN WOODLAND ANIMALS,PLASTERS IN TIN SPACEBOY,0.017064189931853154,0.48705882352941177,13.645146039940226
PLASTERS IN TIN SPACEBOY,PLASTERS IN TIN WOODLAND ANIMALS,0.017064189931853154,0.4780600461893765,13.645146039940228
PLASTERS IN TIN SPACEBOY,PLASTERS IN TIN STRONGMAN,0.011595955154979116,0.3248652809853734,12.23861004722537
PLASTERS IN TIN STRONGMAN,PLASTERS IN TIN SPACEBOY,0.011595955154979116,0.43685300207039335,12.23861004722537
PLASTERS IN TIN SPACEBOY,PLASTERS IN TIN CIRCUS PARADE,0.015525390195647396,0.434949961508853,13.234698159891455
PLASTERS IN TIN CIRCUS PARADE,PLASTERS IN TIN SPACEBOY,0.015525390195647396,0.4724080267558529,13.234698159891455
PLASTERS IN TIN SPACEBOY,PLASTERS IN TIN VINTAGE PAISLEY,0.012392833589799956,0.34719014626635875,11.231061158155846
PLASTERS IN TIN VINTAGE PAISLEY,PLASTERS IN TIN SPACEBOY,0.012392833589799956,0.4008888888888889,11.231061158155848
PLASTERS IN TIN WOODLAND ANIMALS,PLASTERS IN TIN SKULLS,0.012255440756210156,0.3498039215686275,11.67895808598669
PLASTERS IN TIN SKULLS,PLASTERS IN TIN WOODLAND ANIMALS,0.012255440756210156,0.4091743119266055,11.67895808598669
PLASTERS IN TIN SKULLS,PLASTERS IN TIN VINTAGE PAISLEY,0.010881512420312156,0.36330275229357795,11.752278899082567
PLASTERS IN TIN VINTAGE PAISLEY,PLASTERS IN TIN SKULLS,0.010881512420312156,0.352,11.752278899082569
PLASTERS IN TIN WOODLAND ANIMALS,PLASTERS IN TIN STRONGMAN,0.011156298087491757,0.31843137254901965,11.996226200625179
PLASTERS IN TIN STRONGMAN,PLASTERS IN TIN WOODLAND ANIMALS,0.011156298087491757,0.4202898550724638,11.996226200625179
PLASTERS IN TIN WOODLAND ANIMALS,PLASTERS IN TIN CIRCUS PARADE,0.014673554627390636,0.41882352941176476,12.7440015738737
PLASTERS IN TIN CIRCUS PARADE,PLASTERS IN TIN WOODLAND ANIMALS,0.014673554627390636,0.4464882943143813,12.744001573873698
PLASTERS IN TIN WOODLAND ANIMALS,PLASTERS IN TIN VINTAGE PAISLEY,0.011925697955594635,0.3403921568627451,11.011156775599128
PLASTERS IN TIN VINTAGE PAISLEY,PLASTERS IN TIN WOODLAND ANIMALS,0.011925697955594635,0.3857777777777778,11.01115677559913
PLASTERS IN TIN CIRCUS PARADE,PLASTERS IN TIN STRONGMAN,0.013244669158056716,0.40301003344481606,15.182547760997666
PLASTERS IN TIN STRONGMAN,PLASTERS IN TIN CIRCUS PARADE,0.013244669158056716,0.4989648033126294,15.182547760997666
PLASTERS IN TIN CIRCUS PARADE,PLASTERS IN TIN VINTAGE PAISLEY,0.010057155418773356,0.3060200668896321,9.899273132664437
PLASTERS IN TIN VINTAGE PAISLEY,PLASTERS IN TIN CIRCUS PARADE,0.010057155418773356,0.3253333333333333,9.899273132664437
FELTCRAFT CUSHION BUTTERFLY,FELTCRAFT CUSHION OWL,0.011623433721697076,0.5395408163265306,22.43996501457726
FELTCRAFT CUSHION OWL,FELTCRAFT CUSHION BUTTERFLY,0.011623433721697076,0.48342857142857143,22.43996501457726
FELTCRAFT CUSHION RABBIT,FELTCRAFT CUSHION OWL,0.012530226423389756,0.5650557620817844,23.50115347849177
FELTCRAFT CUSHION OWL,FELTCRAFT CUSHION RABBIT,0.012530226423389756,0.5211428571428571,23.50115347849177
FELTCRAFT CUSHION RABBIT,FELTCRAFT CUSHION BUTTERFLY,0.013491976258518355,0.6084262701363073,28.24215411071492
FELTCRAFT CUSHION BUTTERFLY,FELTCRAFT CUSHION RABBIT,0.013491976258518355,0.6262755102040817,28.24215411071492
WOODEN STAR CHRISTMAS SCANDINAVIAN,WOODEN HEART CHRISTMAS SCANDINAVIAN,0.015168168828313915,0.7196870925684485,31.47939023167185
WOODEN HEART CHRISTMAS SCANDINAVIAN,WOODEN STAR CHRISTMAS SCANDINAVIAN,0.015168168828313915,0.6634615384615384,31.47939023167185
WOODEN TREE CHRISTMAS SCANDINAVIAN,WOODEN HEART CHRISTMAS SCANDINAVIAN,0.010524291052978677,0.6925858951175408,30.293973431631663
WOODEN HEART CHRISTMAS SCANDINAVIAN,WOODEN TREE CHRISTMAS SCANDINAVIAN,0.010524291052978677,0.4603365384615385,30.293973431631663
WOODEN STAR CHRISTMAS SCANDINAVIAN,WOODEN TREE CHRISTMAS SCANDINAVIAN,0.012008133655748517,0.5697522816166884,37.49443948027943
WOODEN TREE CHRISTMAS SCANDINAVIAN,WOODEN STAR CHRISTMAS SCANDINAVIAN,0.012008133655748517,0.790235081374322,37.49443948027943
RED KITCHEN SCALES,IVORY KITCHEN SCALES,0.013189712024620796,0.5090137857900319,15.258673552282405
IVORY KITCHEN SCALES,RED KITCHEN SCALES,0.013189712024620796,0.3953871499176277,15.258673552282405
DOLLY GIRL LUNCH BOX,SPACEBOY LUNCH BOX,0.02277973180918883,0.6219054763690922,16.556242937837602
SPACEBOY LUNCH BOX,DOLLY GIRL LUNCH BOX,0.02277973180918883,0.606437454279444,16.556242937837602
SPACEBOY LUNCH BOX,LUNCHBOX I LOVE LONDON,0.011101340954055837,0.2955376737381127,10.089312404012567
LUNCHBOX I LOVE LONDON,SPACEBOY LUNCH BOX,0.011101340954055837,0.37898686679174487,10.089312404012567
DOLLY GIRL LUNCH BOX,LUNCHBOX I LOVE LONDON,0.011046383820619916,0.3015753938484621,10.295433145340743
LUNCHBOX I LOVE LONDON,DOLLY GIRL LUNCH BOX,0.011046383820619916,0.3771106941838649,10.295433145340743
HAND WARMER RED RETROSPOT,HAND WARMER UNION JACK,0.010359419652670917,0.4851994851994852,20.651906041379725
HAND WARMER UNION JACK,HAND WARMER RED RETROSPOT,0.010359419652670917,0.4409356725146199,20.651906041379725
HAND WARMER OWL DESIGN,HAND WARMER RED RETROSPOT,0.011293690921081557,0.3393889347646573,15.895807096467706
HAND WARMER RED RETROSPOT,HAND WARMER OWL DESIGN,0.011293690921081557,0.5289575289575289,15.895807096467705
HAND WARMER RED RETROSPOT,HAND WARMER SCOTTY DOG DESIGN,0.010579248186414597,0.4954954954954955,16.68091773549683
HAND WARMER SCOTTY DOG DESIGN,HAND WARMER RED RETROSPOT,0.010579248186414597,0.3561517113783534,16.680917735496827
HAND WARMER OWL DESIGN,HAND WARMER UNION JACK,0.012118047922620357,0.36416184971098264,15.500091268634012
HAND WARMER UNION JACK,HAND WARMER OWL DESIGN,0.012118047922620357,0.5157894736842106,15.500091268634012
HAND WARMER UNION JACK,HAND WARMER SCOTTY DOG DESIGN,0.010716641020004396,0.45614035087719296,15.356021877079376
HAND WARMER SCOTTY DOG DESIGN,HAND WARMER UNION JACK,0.010716641020004396,0.36077705827937095,15.356021877079376
CERAMIC STRAWBERRY CAKE MONEY BANK,CERAMIC HEART FAIRY CAKE MONEY BANK,0.010826555286876236,0.44977168949771684,22.089192070446575
CERAMIC HEART FAIRY CAKE MONEY BANK,CERAMIC STRAWBERRY CAKE MONEY BANK,0.010826555286876236,0.5317139001349528,22.089192070446575
JUMBO BAG DOLLY GIRL DESIGN,JUMBO BAG RED WHITE SPOTTY,0.010359419652670917,0.5479651162790697,5.0382886588246345
RECIPE BOX RETRO SPOT DESIGN,RECIPE BOX PANTRY YELLOW DESIGN,0.010331941085952957,0.44497041420118344,9.80227803487256
RECIPE BOX PANTRY YELLOW DESIGN,RECIPE BOX RETRO SPOT DESIGN,0.010331941085952957,0.22760290556900728,9.80227803487256
SET OF 3 CAKE TINS PANTRY DESIGN,RECIPE BOX PANTRY YELLOW DESIGN,0.010826555286876236,0.28633720930232553,6.307738329860914
RECIPE BOX PANTRY YELLOW DESIGN,SET OF 3 CAKE TINS PANTRY DESIGN,0.010826555286876236,0.23849878934624696,6.307738329860915
RECIPE BOX PANTRY YELLOW DESIGN,JUMBO BAG RED WHITE SPOTTY,0.010771598153440316,0.23728813559322032,2.181755894519574
RECIPE BOX PANTRY YELLOW DESIGN,WHITE HANGING HEART T-LIGHT HOLDER,0.011266212354363597,0.24818401937046006,1.7002847953557574
PINK REGENCY TEACUP AND SAUCER,GREEN REGENCY TEACUP AND SAUCER,0.02374148164431743,0.8404669260700388,22.622982524808325
GREEN REGENCY TEACUP AND SAUCER,PINK REGENCY TEACUP AND SAUCER,0.02374148164431743,0.6390532544378699,22.622982524808325
GREEN REGENCY TEACUP AND SAUCER,ROSES REGENCY TEACUP AND SAUCER,0.02841283798637063,0.7647928994082841,19.600241686807237
ROSES REGENCY TEACUP AND SAUCER,GREEN REGENCY TEACUP AND SAUCER,0.02841283798637063,0.7281690140845071,19.600241686807237
GREEN REGENCY TEACUP AND SAUCER,DOTCOM POSTAGE,0.011376126621235437,0.3062130177514793,7.875409287640873
DOTCOM POSTAGE,GREEN REGENCY TEACUP AND SAUCER,0.011376126621235437,0.29257950530035337,7.875409287640873
PINK REGENCY TEACUP AND SAUCER,ROSES REGENCY TEACUP AND SAUCER,0.022312596174983514,0.7898832684824904,20.243261906066753
ROSES REGENCY TEACUP AND SAUCER,PINK REGENCY TEACUP AND SAUCER,0.022312596174983514,0.571830985915493,20.243261906066753
SET OF 3 CAKE TINS PANTRY DESIGN,SET OF 6 SPICE TINS PANTRY DESIGN,0.011266212354363597,0.29796511627906974,13.127780280421193
SET OF 6 SPICE TINS PANTRY DESIGN,SET OF 3 CAKE TINS PANTRY DESIGN,0.011266212354363597,0.4963680387409201,13.127780280421195
SET OF 3 CAKE TINS PANTRY DESIGN,JAM MAKING SET WITH JARS,0.010441855352824797,0.2761627906976744,8.68635806315451
JAM MAKING SET WITH JARS,SET OF 3 CAKE TINS PANTRY DESIGN,0.010441855352824797,0.32843560933448573,8.68635806315451
ALARM CLOCK BAKELIKE RED,ALARM CLOCK BAKELIKE CHOCOLATE,0.010441855352824797,0.2790014684287812,18.562013599744436
ALARM CLOCK BAKELIKE CHOCOLATE,ALARM CLOCK BAKELIKE RED,0.010441855352824797,0.6946983546617916,18.562013599744436
ALARM CLOCK BAKELIKE RED,ALARM CLOCK BAKELIKE GREEN,0.022972081776214553,0.6138032305433186,17.64417627640794
ALARM CLOCK BAKELIKE GREEN,ALARM CLOCK BAKELIKE RED,0.022972081776214553,0.6603475513428121,17.644176276407944
ALARM CLOCK BAKELIKE PINK,ALARM CLOCK BAKELIKE GREEN,0.014646076060672676,0.5506198347107438,15.827928139647227
ALARM CLOCK BAKELIKE GREEN,ALARM CLOCK BAKELIKE PINK,0.014646076060672676,0.4210110584518168,15.827928139647229
ALARM CLOCK BAKELIKE ORANGE,ALARM CLOCK BAKELIKE GREEN,0.010716641020004396,0.6372549019607844,18.31830994641143
ALARM CLOCK BAKELIKE GREEN,ALARM CLOCK BAKELIKE ORANGE,0.010716641020004396,0.3080568720379147,18.31830994641143
ALARM CLOCK BAKELIKE IVORY,ALARM CLOCK BAKELIKE GREEN,0.012255440756210156,0.5994623655913978,17.231938711376106
ALARM CLOCK BAKELIKE GREEN,ALARM CLOCK BAKELIKE IVORY,0.012255440756210156,0.3522906793048973,17.231938711376106
ALARM CLOCK BAKELIKE RED,ALARM CLOCK BAKELIKE PINK,0.016322268630468234,0.43612334801762115,16.396075290348417
ALARM CLOCK BAKELIKE PINK,ALARM CLOCK BAKELIKE RED,0.016322268630468234,0.6136363636363636,16.396075290348417
ALARM CLOCK BAKELIKE ORANGE,ALARM CLOCK BAKELIKE RED,0.011650912288415036,0.69281045751634,18.511569875135567
ALARM CLOCK BAKELIKE RED,ALARM CLOCK BAKELIKE ORANGE,0.011650912288415036,0.31130690161527164,18.511569875135567
ALARM CLOCK BAKELIKE RED,ALARM CLOCK BAKELIKE IVORY,0.013794240492415916,0.36857562408223205,18.028500150000788
ALARM CLOCK BAKELIKE IVORY,ALARM CLOCK BAKELIKE RED,0.013794240492415916,0.6747311827956989,18.028500150000788
POPPY'S PLAYHOUSE LIVINGROOM,POPPY'S PLAYHOUSE BEDROOM,0.012667619256979555,0.8173758865248227,42.31286381566337
POPPY'S PLAYHOUSE BEDROOM,POPPY'S PLAYHOUSE LIVINGROOM,0.012667619256979555,0.6557610241820768,42.31286381566337
POPPY'S PLAYHOUSE KITCHEN,POPPY'S PLAYHOUSE BEDROOM,0.015305561661903715,0.7506738544474394,38.85991879239149
POPPY'S PLAYHOUSE BEDROOM,POPPY'S PLAYHOUSE KITCHEN,0.015305561661903715,0.7923186344238976,38.85991879239149
POPPY'S PLAYHOUSE LIVINGROOM,POPPY'S PLAYHOUSE KITCHEN,0.013024840624313036,0.8404255319148937,41.21936112863452
POPPY'S PLAYHOUSE KITCHEN,POPPY'S PLAYHOUSE LIVINGROOM,0.013024840624313036,0.6388140161725068,41.21936112863452
FELTCRAFT PRINCESS LOLA DOLL,FELTCRAFT PRINCESS CHARLOTTE DOLL,0.011018905253901956,0.6197836166924264,32.975387980512835
FELTCRAFT PRINCESS CHARLOTTE DOLL,FELTCRAFT PRINCESS LOLA DOLL,0.011018905253901956,0.5862573099415204,32.97538798051284
CANDLEHOLDER PINK HANGING HEART,WHITE HANGING HEART T-LIGHT HOLDER,0.013024840624313036,0.7085201793721974,4.854003457777298
HAND WARMER OWL DESIGN,HAND WARMER SCOTTY DOG DESIGN,0.017833589799956036,0.5359207266721717,18.041838191539014
HAND WARMER SCOTTY DOG DESIGN,HAND WARMER OWL DESIGN,0.017833589799956036,0.6003700277520815,18.041838191539014
HAND WARMER OWL DESIGN,HAND WARMER BIRD DESIGN,0.017119147065289074,0.514450867052023,17.762709633545754
HAND WARMER BIRD DESIGN,HAND WARMER OWL DESIGN,0.017119147065289074,0.5910815939278937,17.762709633545754
HAND WARMER SCOTTY DOG DESIGN,HAND WARMER BIRD DESIGN,0.015250604528467795,0.513413506012951,17.726892135505988
HAND WARMER BIRD DESIGN,HAND WARMER SCOTTY DOG DESIGN,0.015250604528467795,0.5265654648956357,17.72689213550599
SET OF 20 VINTAGE CHRISTMAS NAPKINS,PAPER CHAIN KIT VINTAGE CHRISTMAS,0.012118047922620357,0.40607734806629836,10.42169735601462
PAPER CHAIN KIT VINTAGE CHRISTMAS,SET OF 20 VINTAGE CHRISTMAS NAPKINS,0.012118047922620357,0.31100141043723556,10.421697356014619
SET OF 20 VINTAGE CHRISTMAS NAPKINS,72 CAKE CASES VINTAGE CHRISTMAS,0.014536161793800835,0.4871086556169429,15.563527827227205
72 CAKE CASES VINTAGE CHRISTMAS,SET OF 20 VINTAGE CHRISTMAS NAPKINS,0.014536161793800835,0.46444249341527655,15.563527827227205
PAPER CHAIN KIT VINTAGE CHRISTMAS,72 CAKE CASES VINTAGE CHRISTMAS,0.013656847658826115,0.35049365303244007,11.198564548864407
72 CAKE CASES VINTAGE CHRISTMAS,PAPER CHAIN KIT VINTAGE CHRISTMAS,0.013656847658826115,0.4363476733977173,11.198564548864407
JAM MAKING SET WITH JARS,JAM MAKING SET PRINTED,0.013437019125082435,0.4226447709593777,12.94687584575225
JAM MAKING SET PRINTED,JAM MAKING SET WITH JARS,0.013437019125082435,0.4116161616161616,12.946875845752249
JUMBO BAG APPLES,JUMBO BAG PEARS,0.011156298087491757,0.4155578300921187,25.45956322005452
JUMBO BAG PEARS,JUMBO BAG APPLES,0.011156298087491757,0.6835016835016836,25.459563220054523
JUMBO BAG APPLES,JUMBO BAG ALPHABET,0.010744119586722356,0.4002047082906858,16.110895734640085
JUMBO BAG ALPHABET,JUMBO BAG APPLES,0.010744119586722356,0.4325221238938053,16.110895734640085
JUMBO BAG APPLES,JUMBO BAG VINTAGE LEAF,0.010002198285337436,0.3725690890481064,15.424953684458123
JUMBO BAG VINTAGE LEAF,JUMBO BAG APPLES,0.010002198285337436,0.4141069397042093,15.42495368445812
JUMBO BAG APPLES,JUMBO BAG DOILEY PATTERNS,0.011733347988568916,0.43705220061412486,12.931059906300188
JUMBO BAG DOILEY PATTERNS,JUMBO BAG APPLES,0.011733347988568916,0.34715447154471546,12.931059906300188
JUMBO BAG APPLES,LUNCH BAG APPLE DESIGN,0.010029676852055396,0.3735926305015353,13.136022231122581
LUNCH BAG APPLE DESIGN,JUMBO BAG APPLES,0.010029676852055396,0.35265700483091783,13.136022231122581
JUMBO BAG APPLES,JUMBO BAG RED WHITE SPOTTY,0.015003297428006155,0.5588536335721597,5.138403595997482
JUMBO BAG PEARS,JUMBO BAG DOILEY PATTERNS,0.010167069685645196,0.6228956228956228,18.429607730420738
JUMBO BAG DOILEY PATTERNS,JUMBO BAG PEARS,0.010167069685645196,0.30081300813008127,18.429607730420738
JUMBO BAG DOILEY PATTERNS,JUMBO BAG ALPHABET,0.010167069685645196,0.30081300813008127,12.10972012374991
JUMBO BAG ALPHABET,JUMBO BAG DOILEY PATTERNS,0.010167069685645196,0.40929203539823006,12.10972012374991
JUMBO BAG ALPHABET,JUMBO BAG RED WHITE SPOTTY,0.011376126621235437,0.4579646017699115,4.210775085298287
JUMBO BAG DOILEY PATTERNS,JUMBO BAG VINTAGE LEAF,0.014178940426467355,0.4195121951219512,17.368473043092205
JUMBO BAG VINTAGE LEAF,JUMBO BAG DOILEY PATTERNS,0.014178940426467355,0.5870307167235495,17.368473043092205
JUMBO BAG VINTAGE LEAF,JUMBO BAG RED WHITE SPOTTY,0.011678390855132996,0.48350398179749715,4.445598005450863
JUMBO BAG DOILEY PATTERNS,LUNCH BAG DOILEY PATTERN,0.013849197625851836,0.40975609756097564,13.605696991276483
LUNCH BAG DOILEY PATTERN,JUMBO BAG DOILEY PATTERNS,0.013849197625851836,0.45985401459854014,13.605696991276481
JUMBO BAG DOILEY PATTERNS,JUMBO BAG RED WHITE SPOTTY,0.015855132996262913,0.4691056910569105,4.313212306453534
LUNCH BAG APPLE DESIGN,LUNCH BAG ALPHABET DESIGN,0.010249505385799077,0.36038647342995167,17.74720506233126
LUNCH BAG ALPHABET DESIGN,LUNCH BAG APPLE DESIGN,0.010249505385799077,0.5047361299052774,17.74720506233126
LUNCH BAG APPLE DESIGN,LUNCH BAG DOILEY PATTERN,0.012118047922620357,0.4260869565217391,14.147953030783878
LUNCH BAG DOILEY PATTERN,LUNCH BAG APPLE DESIGN,0.012118047922620357,0.4023722627737226,14.147953030783878
SPOTTY BUNTING,PARTY BUNTING,0.013272147724774676,0.42294220665499127,5.81258035671769
GARDENERS KNEELING PAD CUP OF TEA,GARDENERS KNEELING PAD KEEP CALM,0.015003297428006155,0.7212681638044914,28.781130501286242
GARDENERS KNEELING PAD KEEP CALM,GARDENERS KNEELING PAD CUP OF TEA,0.015003297428006155,0.5986842105263158,28.781130501286242
TEA TIME PARTY BUNTING,PARTY BUNTING,0.010689162453286436,0.5131926121372031,7.0529099474686925
PARTY BUNTING,JUMBO BAG RED WHITE SPOTTY,0.015223125961749835,0.20921450151057402,1.9236316672493203
PARTY BUNTING,WHITE HANGING HEART T-LIGHT HOLDER,0.018822818201802594,0.25868580060422963,1.7722314863684347
DOTCOM POSTAGE,PARTY BUNTING,0.013437019125082435,0.34558303886925795,4.7494176550340015
BLUE HAPPY BIRTHDAY BUNTING,PINK HAPPY BIRTHDAY BUNTING,0.012310397889646076,0.657856093979442,27.486451173478592
PINK HAPPY BIRTHDAY BUNTING,BLUE HAPPY BIRTHDAY BUNTING,0.012310397889646076,0.5143513203214696,27.486451173478592
DOOR MAT UNION FLAG,WHITE HANGING HEART T-LIGHT HOLDER,0.011348648054517477,0.25213675213675213,1.7273645865513336
DOORMAT HEARTS,WHITE HANGING HEART T-LIGHT HOLDER,0.010112112552209276,0.273199703043801,1.8716648330515824
WOODEN PICTURE FRAME WHITE FINISH,WOOD 2 DRAWER CABINET WHITE FINISH,0.013134754891184876,0.23911955977988994,7.769677695990853
WOOD 2 DRAWER CABINET WHITE FINISH,WOODEN PICTURE FRAME WHITE FINISH,0.013134754891184876,0.4267857142857143,7.769677695990853
WOOD S/3 CABINET ANT WHITE FINISH,WOODEN PICTURE FRAME WHITE FINISH,0.012750054957133435,0.3659305993690851,6.661804088163954
WOODEN PICTURE FRAME WHITE FINISH,WOOD S/3 CABINET ANT WHITE FINISH,0.012750054957133435,0.2321160580290145,6.661804088163955
WOODEN FRAME ANTIQUE WHITE,WOODEN PICTURE FRAME WHITE FINISH,0.02962189492196087,0.547486033519553,9.967039385614594
WOODEN PICTURE FRAME WHITE FINISH,WOODEN FRAME ANTIQUE WHITE,0.02962189492196087,0.5392696348174087,9.967039385614596
WOODEN PICTURE FRAME WHITE FINISH,JUMBO BAG RED WHITE SPOTTY,0.011733347988568916,0.21360680340170082,1.964016874531252
WOODEN PICTURE FRAME WHITE FINISH,WHITE HANGING HEART T-LIGHT HOLDER,0.021845460540778194,0.39769884942471234,2.724596484989483
WOOD S/3 CABINET ANT WHITE FINISH,WOOD 2 DRAWER CABINET WHITE FINISH,0.016954275664981314,0.4865930599369085,15.810798783235692
WOOD 2 DRAWER CABINET WHITE FINISH,WOOD S/3 CABINET ANT WHITE FINISH,0.016954275664981314,0.5508928571428572,15.810798783235692
WOODEN FRAME ANTIQUE WHITE,WOOD 2 DRAWER CABINET WHITE FINISH,0.013162233457902836,0.24327069578466226,7.90455996517449
WOOD 2 DRAWER CABINET WHITE FINISH,WOODEN FRAME ANTIQUE WHITE,0.013162233457902836,0.42767857142857146,7.904559965174491
WOOD 2 DRAWER CABINET WHITE FINISH,WHITE HANGING HEART T-LIGHT HOLDER,0.012530226423389756,0.40714285714285714,2.7892964716006885
WOOD BLACK BOARD ANT WHITE FINISH,WHITE HANGING HEART T-LIGHT HOLDER,0.010661683886568477,0.3316239316239316,2.2719235918031098
WOOD S/3 CABINET ANT WHITE FINISH,WOODEN FRAME ANTIQUE WHITE,0.013794240492415916,0.39589905362776023,7.317195713367928
WOODEN FRAME ANTIQUE WHITE,WOOD S/3 CABINET ANT WHITE FINISH,0.013794240492415916,0.25495175215845606,7.317195713367928
WOOD S/3 CABINET ANT WHITE FINISH,WHITE HANGING HEART T-LIGHT HOLDER,0.013107276324466916,0.37618296529968454,2.577193236669074
WOODEN FRAME ANTIQUE WHITE,WHITE HANGING HEART T-LIGHT HOLDER,0.02203781050780391,0.4073133570340274,2.7904645499213716
BATHROOM METAL SIGN,KITCHEN METAL SIGN,0.014014069026159596,0.3817365269461078,19.76124564526708
KITCHEN METAL SIGN,BATHROOM METAL SIGN,0.014014069026159596,0.7254623044096729,19.761245645267078
TOILET METAL SIGN,KITCHEN METAL SIGN,0.011073862387337876,0.4414019715224534,22.849929655256226
KITCHEN METAL SIGN,TOILET METAL SIGN,0.011073862387337876,0.5732574679943101,22.849929655256222
BATHROOM METAL SIGN,TOILET METAL SIGN,0.018190811167289513,0.49550898203592814,19.750890333243696
TOILET METAL SIGN,BATHROOM METAL SIGN,0.018190811167289513,0.7250821467688937,19.7508903332437
BATHROOM METAL SIGN,JUMBO BAG RED WHITE SPOTTY,0.010386898219388877,0.282934131736527,2.6014499550671273
BATHROOM METAL SIGN,WHITE HANGING HEART T-LIGHT HOLDER,0.012969883490877116,0.35329341317365276,2.4203791212755217
BATHROOM METAL SIGN,DOTCOM POSTAGE,0.011101340954055837,0.3023952095808384,7.777220118067753
DOTCOM POSTAGE,BATHROOM METAL SIGN,0.011101340954055837,0.2855123674911661,7.777220118067753
NO SINGING METAL SIGN,HAND OVER THE CHOCOLATE SIGN,0.011678390855132996,0.3541666666666667,8.858304696449027
HAND OVER THE CHOCOLATE SIGN,NO SINGING METAL SIGN,0.011678390855132996,0.29209621993127144,8.858304696449025
CHARLIE + LOLA RED HOT WATER BOTTLE,CHARLIE+LOLA PINK HOT WATER BOTTLE,0.010304462519234997,0.628140703517588,34.53065933899103
CHARLIE+LOLA PINK HOT WATER BOTTLE,CHARLIE + LOLA RED HOT WATER BOTTLE,0.010304462519234997,0.5664652567975832,34.530659338991036
SET OF 3 BUTTERFLY COOKIE CUTTERS,SET OF 3 HEART COOKIE CUTTERS,0.014508683227082875,0.4743935309973045,13.855641557025608
SET OF 3 HEART COOKIE CUTTERS,SET OF 3 BUTTERFLY COOKIE CUTTERS,0.014508683227082875,0.42375601926163725,13.855641557025608
SET OF 3 HEART COOKIE CUTTERS,WHITE HANGING HEART T-LIGHT HOLDER,0.010469333919542757,0.3057784911717496,2.0948589703920013
CREAM CUPID HEARTS COAT HANGER,WHITE HANGING HEART T-LIGHT HOLDER,0.010057155418773356,0.4377990430622009,2.999319046521012
SMALL DOLLY MIX DESIGN ORANGE BOWL,SMALL MARSHMALLOWS PINK BOWL,0.012557704990107716,0.6303448275862068,38.23251494252873
SMALL MARSHMALLOWS PINK BOWL,SMALL DOLLY MIX DESIGN ORANGE BOWL,0.012557704990107716,0.7616666666666667,38.23251494252874
COLOUR GLASS T-LIGHT HOLDER HANGING,WHITE HANGING HEART T-LIGHT HOLDER,0.010167069685645196,0.296,2.027867469879518
ZINC METAL HEART DECORATION,WHITE HANGING HEART T-LIGHT HOLDER,0.016184875796878436,0.41891891891891897,2.869973135786389
ASSORTED COLOUR BIRD ORNAMENT,WHITE HANGING HEART T-LIGHT HOLDER,0.020553967905034075,0.26752503576537917,1.8327882344829969
ANTIQUE SILVER TEA GLASS ETCHED,JUMBO BAG RED WHITE SPOTTY,0.011403605187953397,0.23619806488332387,2.1717331928332295
ANTIQUE SILVER TEA GLASS ETCHED,WHITE HANGING HEART T-LIGHT HOLDER,0.014673554627390636,0.30392714854866254,2.0821756005238945
DOTCOM POSTAGE,ANTIQUE SILVER TEA GLASS ETCHED,0.011870740822158716,0.30530035335689043,6.323557461220237
ANTIQUE SILVER TEA GLASS ETCHED,DOTCOM POSTAGE,0.011870740822158716,0.2458736482640865,6.323557461220238
SINGLE HEART ZINC T-LIGHT HOLDER,HANGING HEART ZINC T-LIGHT HOLDER,0.017641239832930315,0.596100278551532,15.255472107628236
HANGING HEART ZINC T-LIGHT HOLDER,SINGLE HEART ZINC T-LIGHT HOLDER,0.017641239832930315,0.45147679324894513,15.255472107628238
SINGLE HEART ZINC T-LIGHT HOLDER,WHITE HANGING HEART T-LIGHT HOLDER,0.011760826555286876,0.39740018570102137,2.722550368605341
HANGING HEART ZINC T-LIGHT HOLDER,WHITE HANGING HEART T-LIGHT HOLDER,0.015387997362057594,0.3938115330520393,2.697964855201396
HANGING HEART JAR T-LIGHT HOLDER,WHITE HANGING HEART T-LIGHT HOLDER,0.014151461859749396,0.36344389555398726,2.489919097703446
SET OF 36 TEATIME PAPER DOILIES,60 TEATIME FAIRY CAKE CASES,0.011101340954055837,0.498150431565968,8.527135703456588
DOTCOM POSTAGE,SET OF 72 PINK HEART PAPER DOILIES,0.010496812486260717,0.26996466431095406,9.669836676775827
SET OF 72 PINK HEART PAPER DOILIES,DOTCOM POSTAGE,0.010496812486260717,0.37598425196850394,9.669836676775827
60 TEATIME FAIRY CAKE CASES,72 SWEETHEART FAIRY CAKE CASES,0.020114310837546712,0.3443085606773283,8.588126895249712
72 SWEETHEART FAIRY CAKE CASES,60 TEATIME FAIRY CAKE CASES,0.020114310837546712,0.5017135023989033,8.588126895249713
60 TEATIME FAIRY CAKE CASES,JUMBO BAG RED WHITE SPOTTY,0.013024840624313036,0.22295390404515522,2.0499591905031047
60 TEATIME FAIRY CAKE CASES,WHITE HANGING HEART T-LIGHT HOLDER,0.016074961530006596,0.27516462841015993,1.8851263473461108
72 SWEETHEART FAIRY CAKE CASES,WHITE HANGING HEART T-LIGHT HOLDER,0.011788305122004836,0.2940370116518163,2.014419225909808
GREEN 3 PIECE MINI DOTS CUTLERY SET,RED 3 PIECE MINI DOTS CUTLERY SET,0.011540998021543196,0.7130730050933786,25.51637443594713
RED 3 PIECE MINI DOTS CUTLERY SET,GREEN 3 PIECE MINI DOTS CUTLERY SET,0.011540998021543196,0.41297935103244837,25.51637443594713
PINK 3 PIECE MINI DOTS CUTLERY SET,GREEN 3 PIECE MINI DOTS CUTLERY SET,0.010963948120466036,0.36774193548387096,22.721331945889695
GREEN 3 PIECE MINI DOTS CUTLERY SET,PINK 3 PIECE MINI DOTS CUTLERY SET,0.010963948120466036,0.6774193548387096,22.7213319458897
BLUE 3 PIECE MINI DOTS CUTLERY SET,RED 3 PIECE MINI DOTS CUTLERY SET,0.015745218729391074,0.6057082452431289,21.674468496448327
RED 3 PIECE MINI DOTS CUTLERY SET,BLUE 3 PIECE MINI DOTS CUTLERY SET,0.015745218729391074,0.5634218289085545,21.674468496448323
PINK 3 PIECE MINI DOTS CUTLERY SET,RED 3 PIECE MINI DOTS CUTLERY SET,0.014755990327544516,0.49493087557603693,17.710446827889022
RED 3 PIECE MINI DOTS CUTLERY SET,PINK 3 PIECE MINI DOTS CUTLERY SET,0.014755990327544516,0.528023598820059,17.710446827889022
PINK 3 PIECE MINI DOTS CUTLERY SET,BLUE 3 PIECE MINI DOTS CUTLERY SET,0.017888546933391956,0.6000000000000001,23.0816067653277
BLUE 3 PIECE MINI DOTS CUTLERY SET,PINK 3 PIECE MINI DOTS CUTLERY SET,0.017888546933391956,0.6881606765327696,23.0816067653277
BLACK/BLUE DOTS RUFFLED UMBRELLA,RED/WHITE DOTS RUFFLED UMBRELLA,0.011293690921081557,0.6017569546120058,24.359442816729832
RED/WHITE DOTS RUFFLED UMBRELLA,BLACK/BLUE DOTS RUFFLED UMBRELLA,0.011293690921081557,0.4571746384872081,24.359442816729835
JUMBO BAG RED WHITE SPOTTY,JUMBO BAG BAROQUE BLACK WHITE,0.03039129479006375,0.2794340576048509,5.476125053503357
JUMBO BAG BAROQUE BLACK WHITE,JUMBO BAG RED WHITE SPOTTY,0.03039129479006375,0.5955842757135165,5.476125053503358
JUMBO BAG STRAWBERRY,JUMBO BAG RED WHITE SPOTTY,0.03253462299406463,0.6473482777474029,5.952071380440496
JUMBO BAG RED WHITE SPOTTY,JUMBO BAG STRAWBERRY,0.03253462299406463,0.2991409802930773,5.952071380440497
JUMBO BAG RED WHITE SPOTTY,WHITE HANGING HEART T-LIGHT HOLDER,0.023878874477907232,0.21955533097524002,1.5041524105517574
DOTCOM POSTAGE,JUMBO BAG RED WHITE SPOTTY,0.019207518135854033,0.4939929328621908,4.542039113875909
JUMBO BAG STRAWBERRY,JUMBO BAG BAROQUE BLACK WHITE,0.017119147065289074,0.34062329141607434,6.675262693168432
JUMBO BAG BAROQUE BLACK WHITE,JUMBO BAG STRAWBERRY,0.017119147065289074,0.33548734518039847,6.675262693168431
JUMBO BAG BAROQUE BLACK WHITE,WHITE HANGING HEART T-LIGHT HOLDER,0.011376126621235437,0.22294022617124395,1.5273420012846217
DOTCOM POSTAGE,JUMBO BAG BAROQUE BLACK WHITE,0.010304462519234997,0.265017667844523,5.193604183197567
JUMBO BAG BAROQUE BLACK WHITE,DOTCOM POSTAGE,0.010304462519234997,0.20193861066235866,5.193604183197566
JUMBO BAG STRAWBERRY,WHITE HANGING HEART T-LIGHT HOLDER,0.013024840624313036,0.25915800984144344,1.7754665463384431
HAND OVER THE CHOCOLATE SIGN,WHITE HANGING HEART T-LIGHT HOLDER,0.012667619256979555,0.3168384879725086,2.1706299424502133
DOTCOM POSTAGE,WHITE HANGING HEART T-LIGHT HOLDER,0.011953176522312595,0.3074204946996466,2.1061081782962234
JUMBO STORAGE BAG SUKI + JUMBO BAG RED WHITE SPOTTY,JUMBO BAG TOYS,0.011128819520773797,0.3058912386706949,10.581743305802213
JUMBO STORAGE BAG SUKI + JUMBO BAG TOYS,JUMBO BAG RED WHITE SPOTTY,0.011128819520773797,0.7555970149253731,6.947369016463916
JUMBO BAG TOYS + JUMBO BAG RED WHITE SPOTTY,JUMBO STORAGE BAG SUKI,0.011128819520773797,0.648,10.138441960447121
JUMBO BAG TOYS,JUMBO STORAGE BAG SUKI + JUMBO BAG RED WHITE SPOTTY,0.011128819520773797,0.38498098859315594,10.581743305802215
JUMBO BAG PINK WITH WHITE SPOTS + JUMBO BAG RED WHITE SPOTTY,JUMBO BAG TOYS,0.010194548252363156,0.2601683029453015,9.00004266234355
JUMBO BAG PINK WITH WHITE SPOTS + JUMBO BAG TOYS,JUMBO BAG RED WHITE SPOTTY,0.010194548252363156,0.7860169491525423,7.2270664005960885
JUMBO BAG TOYS + JUMBO BAG RED WHITE SPOTTY,JUMBO BAG PINK WITH WHITE SPOTS,0.010194548252363156,0.5936,9.639576617581437
JUMBO BAG TOYS,JUMBO BAG PINK WITH WHITE SPOTS + JUMBO BAG RED WHITE SPOTTY,0.010194548252363156,0.3526615969581749,9.000042662343548
JUMBO BAG PINK WITH WHITE SPOTS + JUMBO BAG WOODLAND ANIMALS,JUMBO STORAGE BAG SUKI,0.010112112552209276,0.6195286195286195,9.692986036924127
JUMBO BAG PINK WITH WHITE SPOTS + JUMBO STORAGE BAG SUKI,JUMBO BAG WOODLAND ANIMALS,0.010112112552209276,0.40888888888888886,10.553393223010245
JUMBO BAG WOODLAND ANIMALS + JUMBO STORAGE BAG SUKI,JUMBO BAG PINK WITH WHITE SPOTS,0.010112112552209276,0.5443786982248521,8.840263090494787
JUMBO BAG WOODLAND ANIMALS,JUMBO BAG PINK WITH WHITE SPOTS + JUMBO STORAGE BAG SUKI,0.010112112552209276,0.26099290780141843,10.553393223010243
JUMBO BAG WOODLAND ANIMALS + JUMBO STORAGE BAG SUKI,JUMBO SHOPPER VINTAGE RED PAISLEY,0.010194548252363156,0.5488165680473372,9.119877874145525
JUMBO BAG WOODLAND ANIMALS + JUMBO SHOPPER VINTAGE RED PAISLEY,JUMBO STORAGE BAG SUKI,0.010194548252363156,0.6895910780669144,10.789165310838845
JUMBO STORAGE BAG SUKI + JUMBO SHOPPER VINTAGE RED PAISLEY,JUMBO BAG WOODLAND ANIMALS,0.010194548252363156,0.4136008918617614,10.675009685555477
JUMBO BAG WOODLAND ANIMALS,JUMBO STORAGE BAG SUKI + JUMBO SHOPPER VINTAGE RED PAISLEY,0.010194548252363156,0.2631205673758865,10.675009685555477
JUMBO BAG WOODLAND ANIMALS + JUMBO STORAGE BAG SUKI,JUMBO BAG RED WHITE SPOTTY,0.013464497691800395,0.7248520710059172,6.66468331683864
JUMBO BAG WOODLAND ANIMALS + JUMBO BAG RED WHITE SPOTTY,JUMBO STORAGE BAG SUKI,0.013464497691800395,0.5751173708920188,8.998139020422334
JUMBO STORAGE BAG SUKI + JUMBO BAG RED WHITE SPOTTY,JUMBO BAG WOODLAND ANIMALS,0.013464497691800395,0.37009063444108764,9.552013027361747
JUMBO BAG WOODLAND ANIMALS,JUMBO STORAGE BAG SUKI + JUMBO BAG RED WHITE SPOTTY,0.013464497691800395,0.3475177304964539,9.552013027361745
JUMBO STORAGE BAG SUKI,JUMBO BAG WOODLAND ANIMALS + JUMBO BAG RED WHITE SPOTTY,0.013464497691800395,0.21066208082545143,8.998139020422334
JUMBO BAG PINK WITH WHITE SPOTS + JUMBO BAG WOODLAND ANIMALS,JUMBO BAG RED WHITE SPOTTY,0.012832490657287315,0.7861952861952862,7.228706128150292
JUMBO BAG PINK WITH WHITE SPOTS + JUMBO BAG RED WHITE SPOTTY,JUMBO BAG WOODLAND ANIMALS,0.012832490657287315,0.32748948106591863,8.45248028010703
JUMBO BAG WOODLAND ANIMALS + JUMBO BAG RED WHITE SPOTTY,JUMBO BAG PINK WITH WHITE SPOTS,0.012832490657287315,0.5481220657276995,8.901052305204123
JUMBO BAG PINK WITH WHITE SPOTS,JUMBO BAG WOODLAND ANIMALS + JUMBO BAG RED WHITE SPOTTY,0.012832490657287315,0.20838911200356983,8.901052305204123
JUMBO BAG WOODLAND ANIMALS,JUMBO BAG PINK WITH WHITE SPOTS + JUMBO BAG RED WHITE SPOTTY,0.012832490657287315,0.3312056737588652,8.452480280107029
JUMBO BAG WOODLAND ANIMALS + JUMBO SHOPPER VINTAGE RED PAISLEY,JUMBO BAG RED WHITE SPOTTY,0.010799076720158276,0.7304832713754646,6.71645962907931
JUMBO BAG WOODLAND ANIMALS + JUMBO BAG RED WHITE SPOTTY,JUMBO SHOPPER VINTAGE RED PAISLEY,0.010799076720158276,0.4612676056338028,7.665045983664545
JUMBO BAG RED WHITE SPOTTY + JUMBO SHOPPER VINTAGE RED PAISLEY,JUMBO BAG WOODLAND ANIMALS,0.010799076720158276,0.3396715643906655,8.766898986741205
JUMBO BAG WOODLAND ANIMALS,JUMBO BAG RED WHITE SPOTTY + JUMBO SHOPPER VINTAGE RED PAISLEY,0.010799076720158276,0.27872340425531916,8.766898986741205
JUMBO BAG OWLS + JUMBO STORAGE BAG SUKI,JUMBO BAG RED WHITE SPOTTY,0.012722576390415475,0.7134052388289676,6.55943492962703
JUMBO BAG OWLS + JUMBO BAG RED WHITE SPOTTY,JUMBO STORAGE BAG SUKI,0.012722576390415475,0.5928297055057618,9.275261669288772
JUMBO STORAGE BAG SUKI + JUMBO BAG RED WHITE SPOTTY,JUMBO BAG OWLS,0.012722576390415475,0.3496978851963746,9.759359998517228
JUMBO BAG OWLS,JUMBO STORAGE BAG SUKI + JUMBO BAG RED WHITE SPOTTY,0.012722576390415475,0.35506134969325154,9.759359998517228
WOODLAND CHARLOTTE BAG + RED SPOTTY CHARLOTTE BAG,STRAWBERRY CHARLOTTE BAG,0.015168168828313915,0.5961123110151189,15.731486020639743
WOODLAND CHARLOTTE BAG + STRAWBERRY CHARLOTTE BAG,RED SPOTTY CHARLOTTE BAG,0.015168168828313915,0.7965367965367965,14.24450471723199
RED SPOTTY CHARLOTTE BAG + STRAWBERRY CHARLOTTE BAG,WOODLAND CHARLOTTE BAG,0.015168168828313915,0.6160714285714286,14.26213195201745
WOODLAND CHARLOTTE BAG,RED SPOTTY CHARLOTTE BAG + STRAWBERRY CHARLOTTE BAG,0.015168168828313915,0.35114503816793896,14.26213195201745
RED SPOTTY CHARLOTTE BAG,WOODLAND CHARLOTTE BAG + STRAWBERRY CHARLOTTE BAG,0.015168168828313915,0.27125307125307124,14.24450471723199
STRAWBERRY CHARLOTTE BAG,WOODLAND CHARLOTTE BAG + RED SPOTTY CHARLOTTE BAG,0.015168168828313915,0.4002900652646845,15.73148602063974
"CHARLOTTE BAG , SUKI DESIGN + WOODLAND CHARLOTTE BAG",STRAWBERRY CHARLOTTE BAG,0.013904154759287756,0.60381861575179,15.934856464422872
"CHARLOTTE BAG , SUKI DESIGN + STRAWBERRY CHARLOTTE BAG",WOODLAND CHARLOTTE BAG,0.013904154759287756,0.6828609986504723,15.808318996748085
WOODLAND CHARLOTTE BAG + STRAWBERRY CHARLOTTE BAG,"CHARLOTTE BAG , SUKI DESIGN",0.013904154759287756,0.7301587301587302,15.315237180366864
"CHARLOTTE BAG , SUKI DESIGN",WOODLAND CHARLOTTE BAG + STRAWBERRY CHARLOTTE BAG,0.013904154759287756,0.29164265129683,15.315237180366864
WOODLAND CHARLOTTE BAG,"CHARLOTTE BAG , SUKI DESIGN + STRAWBERRY CHARLOTTE BAG",0.013904154759287756,0.32188295165394404,15.808318996748085
STRAWBERRY CHARLOTTE BAG,"CHARLOTTE BAG , SUKI DESIGN + WOODLAND CHARLOTTE BAG",0.013904154759287756,0.36693255982596085,15.934856464422872
WOODLAND CHARLOTTE BAG + STRAWBERRY CHARLOTTE BAG,"CHARLOTTE BAG , PINK/WHITE SPOTS",0.012859969224005277,0.6753246753246754,15.515413879050246
"WOODLAND CHARLOTTE BAG + CHARLOTTE BAG , PINK/WHITE SPOTS",STRAWBERRY CHARLOTTE BAG,0.012859969224005277,0.612565445026178,16.165686494120862
"STRAWBERRY CHARLOTTE BAG + CHARLOTTE BAG , PINK/WHITE SPOTS",WOODLAND CHARLOTTE BAG,0.012859969224005277,0.6376021798365124,14.76057158308547
WOODLAND CHARLOTTE BAG,"STRAWBERRY CHARLOTTE BAG + CHARLOTTE BAG , PINK/WHITE SPOTS",0.012859969224005277,0.2977099236641222,14.76057158308547
STRAWBERRY CHARLOTTE BAG,"WOODLAND CHARLOTTE BAG + CHARLOTTE BAG , PINK/WHITE SPOTS",0.012859969224005277,0.3393763596809282,16.165686494120862
"CHARLOTTE BAG , PINK/WHITE SPOTS",WOODLAND CHARLOTTE BAG + STRAWBERRY CHARLOTTE BAG,0.012859969224005277,0.29545454545454547,15.515413879050245
WOODLAND CHARLOTTE BAG + RED SPOTTY CHARLOTTE BAG,LUNCH BAG RED SPOTTY,0.011018905253901956,0.4330453563714903,5.15855535485148
WOODLAND CHARLOTTE BAG + LUNCH BAG RED SPOTTY,RED SPOTTY CHARLOTTE BAG,0.011018905253901956,0.7412199630314232,13.255271201297079
RED SPOTTY CHARLOTTE BAG + LUNCH BAG RED SPOTTY,WOODLAND CHARLOTTE BAG,0.011018905253901956,0.5228161668839635,12.103260779415521
WOODLAND CHARLOTTE BAG,RED SPOTTY CHARLOTTE BAG + LUNCH BAG RED SPOTTY,0.011018905253901956,0.255089058524173,12.103260779415521
WOODLAND CHARLOTTE BAG + RED SPOTTY CHARLOTTE BAG,PACK OF 72 RETRO SPOT CAKE CASES,0.010799076720158276,0.4244060475161987,4.9566703726603025
WOODLAND CHARLOTTE BAG + PACK OF 72 RETRO SPOT CAKE CASES,RED SPOTTY CHARLOTTE BAG,0.010799076720158276,0.7224264705882353,12.919186298598063
RED SPOTTY CHARLOTTE BAG + PACK OF 72 RETRO SPOT CAKE CASES,WOODLAND CHARLOTTE BAG,0.010799076720158276,0.5737226277372263,13.281751824817519
WOODLAND CHARLOTTE BAG,RED SPOTTY CHARLOTTE BAG + PACK OF 72 RETRO SPOT CAKE CASES,0.010799076720158276,0.25,13.281751824817519
"CHARLOTTE BAG , SUKI DESIGN + WOODLAND CHARLOTTE BAG",RED SPOTTY CHARLOTTE BAG,0.016597054297647833,0.720763723150358,12.889451308544388
"CHARLOTTE BAG , SUKI DESIGN + RED SPOTTY CHARLOTTE BAG",WOODLAND CHARLOTTE BAG,0.016597054297647833,0.6291666666666667,14.565288379983036
WOODLAND CHARLOTTE BAG + RED SPOTTY CHARLOTTE BAG,"CHARLOTTE BAG , SUKI DESIGN",0.016597054297647833,0.652267818574514,13.681458474676491
"CHARLOTTE BAG , SUKI DESIGN",WOODLAND CHARLOTTE BAG + RED SPOTTY CHARLOTTE BAG,0.016597054297647833,0.3481268011527377,13.681458474676491
WOODLAND CHARLOTTE BAG,"CHARLOTTE BAG , SUKI DESIGN + RED SPOTTY CHARLOTTE BAG",0.016597054297647833,0.3842239185750636,14.565288379983036
RED SPOTTY CHARLOTTE BAG,"CHARLOTTE BAG , SUKI DESIGN + WOODLAND CHARLOTTE BAG",0.016597054297647833,0.2968058968058968,12.889451308544388
WOODLAND CHARLOTTE BAG + RED SPOTTY CHARLOTTE BAG,"CHARLOTTE BAG , PINK/WHITE SPOTS",0.016761925697955593,0.6587473002159827,15.134552872133867
"WOODLAND CHARLOTTE BAG + CHARLOTTE BAG , PINK/WHITE SPOTS",RED SPOTTY CHARLOTTE BAG,0.016761925697955593,0.7984293193717277,14.278348791437795
"RED SPOTTY CHARLOTTE BAG + CHARLOTTE BAG , PINK/WHITE SPOTS",WOODLAND CHARLOTTE BAG,0.016761925697955593,0.5663881151346332,13.11195692492339
WOODLAND CHARLOTTE BAG,"RED SPOTTY CHARLOTTE BAG + CHARLOTTE BAG , PINK/WHITE SPOTS",0.016761925697955593,0.3880407124681934,13.111956924923392
RED SPOTTY CHARLOTTE BAG,"WOODLAND CHARLOTTE BAG + CHARLOTTE BAG , PINK/WHITE SPOTS",0.016761925697955593,0.29975429975429974,14.278348791437795
"CHARLOTTE BAG , PINK/WHITE SPOTS",WOODLAND CHARLOTTE BAG + RED SPOTTY CHARLOTTE BAG,0.016761925697955593,0.38510101010101006,15.134552872133865
WOODLAND CHARLOTTE BAG + RED SPOTTY CHARLOTTE BAG,JUMBO BAG RED WHITE SPOTTY,0.010359419652670917,0.4071274298056156,3.743350537010097
WOODLAND CHARLOTTE BAG + JUMBO BAG RED WHITE SPOTTY,RED SPOTTY CHARLOTTE BAG,0.010359419652670917,0.7007434944237918,12.531428623621931
RED SPOTTY CHARLOTTE BAG + JUMBO BAG RED WHITE SPOTTY,WOODLAND CHARLOTTE BAG,0.010359419652670917,0.46543209876543207,10.774812301699495
WOODLAND CHARLOTTE BAG,RED SPOTTY CHARLOTTE BAG + JUMBO BAG RED WHITE SPOTTY,0.010359419652670917,0.23982188295165396,10.774812301699495
"CHARLOTTE BAG , SUKI DESIGN + WOODLAND CHARLOTTE BAG",PACK OF 72 RETRO SPOT CAKE CASES,0.010139591118927236,0.4403341288782816,5.142695641251098
"CHARLOTTE BAG , SUKI DESIGN + PACK OF 72 RETRO SPOT CAKE CASES",WOODLAND CHARLOTTE BAG,0.010139591118927236,0.6589285714285714,15.25428026172301
WOODLAND CHARLOTTE BAG + PACK OF 72 RETRO SPOT CAKE CASES,"CHARLOTTE BAG , SUKI DESIGN",0.010139591118927236,0.6783088235294117,14.227674182064755
"CHARLOTTE BAG , SUKI DESIGN",WOODLAND CHARLOTTE BAG + PACK OF 72 RETRO SPOT CAKE CASES,0.010139591118927236,0.2126801152737752,14.227674182064755
WOODLAND CHARLOTTE BAG,"CHARLOTTE BAG , SUKI DESIGN + PACK OF 72 RETRO SPOT CAKE CASES",0.010139591118927236,0.23473282442748092,15.25428026172301
"CHARLOTTE BAG , SUKI DESIGN + WOODLAND CHARLOTTE BAG","CHARLOTTE BAG , PINK/WHITE SPOTS",0.014701033194108596,0.6384248210023866,14.667649044140692
"CHARLOTTE BAG , SUKI DESIGN + CHARLOTTE BAG , PINK/WHITE SPOTS",WOODLAND CHARLOTTE BAG,0.014701033194108596,0.6422569027611045,14.868329010993712
"WOODLAND CHARLOTTE BAG + CHARLOTTE BAG , PINK/WHITE SPOTS","CHARLOTTE BAG , SUKI DESIGN",0.014701033194108596,0.7002617801047121,14.688142191107021
"CHARLOTTE BAG , SUKI DESIGN","WOODLAND CHARLOTTE BAG + CHARLOTTE BAG , PINK/WHITE SPOTS",0.014701033194108596,0.30835734870317005,14.688142191107021
WOODLAND CHARLOTTE BAG,"CHARLOTTE BAG , SUKI DESIGN + CHARLOTTE BAG , PINK/WHITE SPOTS",0.014701033194108596,0.34033078880407125,14.868329010993712
"CHARLOTTE BAG , PINK/WHITE SPOTS","CHARLOTTE BAG , SUKI DESIGN + WOODLAND CHARLOTTE BAG",0.014701033194108596,0.3377525252525253,14.667649044140694
RED SPOTTY CHARLOTTE BAG + LUNCH BAG RED SPOTTY,STRAWBERRY CHARLOTTE BAG,0.011486040888107276,0.5449804432855281,14.382108986255938
RED SPOTTY CHARLOTTE BAG + STRAWBERRY CHARLOTTE BAG,LUNCH BAG RED SPOTTY,0.011486040888107276,0.46651785714285715,5.557288987608136
LUNCH BAG RED SPOTTY + STRAWBERRY CHARLOTTE BAG,RED SPOTTY CHARLOTTE BAG,0.011486040888107276,0.7517985611510791,13.444448765312075
RED SPOTTY CHARLOTTE BAG,LUNCH BAG RED SPOTTY + STRAWBERRY CHARLOTTE BAG,0.011486040888107276,0.20540540540540542,13.444448765312076
STRAWBERRY CHARLOTTE BAG,RED SPOTTY CHARLOTTE BAG + LUNCH BAG RED SPOTTY,0.011486040888107276,0.30311820159535896,14.382108986255938
RED SPOTTY CHARLOTTE BAG + STRAWBERRY CHARLOTTE BAG,PACK OF 72 RETRO SPOT CAKE CASES,0.010002198285337436,0.40625,4.744624518613607
RED SPOTTY CHARLOTTE BAG + PACK OF 72 RETRO SPOT CAKE CASES,STRAWBERRY CHARLOTTE BAG,0.010002198285337436,0.5313868613138686,14.023372485086515
STRAWBERRY CHARLOTTE BAG + PACK OF 72 RETRO SPOT CAKE CASES,RED SPOTTY CHARLOTTE BAG,0.010002198285337436,0.7777777777777777,13.909036309036308
STRAWBERRY CHARLOTTE BAG,RED SPOTTY CHARLOTTE BAG + PACK OF 72 RETRO SPOT CAKE CASES,0.010002198285337436,0.2639593908629441,14.023372485086515
"CHARLOTTE BAG , SUKI DESIGN + RED SPOTTY CHARLOTTE BAG",STRAWBERRY CHARLOTTE BAG,0.015882611562980875,0.6020833333333333,15.889062122310852
"CHARLOTTE BAG , SUKI DESIGN + STRAWBERRY CHARLOTTE BAG",RED SPOTTY CHARLOTTE BAG,0.015882611562980875,0.7800269905533064,13.949259086101192
RED SPOTTY CHARLOTTE BAG + STRAWBERRY CHARLOTTE BAG,"CHARLOTTE BAG , SUKI DESIGN",0.015882611562980875,0.6450892857142857,13.530887196377108
"CHARLOTTE BAG , SUKI DESIGN",RED SPOTTY CHARLOTTE BAG + STRAWBERRY CHARLOTTE BAG,0.015882611562980875,0.3331412103746398,13.53088719637711
RED SPOTTY CHARLOTTE BAG,"CHARLOTTE BAG , SUKI DESIGN + STRAWBERRY CHARLOTTE BAG",0.015882611562980875,0.284029484029484,13.949259086101192
STRAWBERRY CHARLOTTE BAG,"CHARLOTTE BAG , SUKI DESIGN + RED SPOTTY CHARLOTTE BAG",0.015882611562980875,0.4191443074691806,15.889062122310854
RED SPOTTY CHARLOTTE BAG + STRAWBERRY CHARLOTTE BAG,"CHARLOTTE BAG , PINK/WHITE SPOTS",0.017009232798417234,0.6908482142857143,15.872063266594518
"RED SPOTTY CHARLOTTE BAG + CHARLOTTE BAG , PINK/WHITE SPOTS",STRAWBERRY CHARLOTTE BAG,0.017009232798417234,0.574744661095636,15.167590795208403
"STRAWBERRY CHARLOTTE BAG + CHARLOTTE BAG , PINK/WHITE SPOTS",RED SPOTTY CHARLOTTE BAG,0.017009232798417234,0.843324250681199,15.081206943877245
RED SPOTTY CHARLOTTE BAG,"STRAWBERRY CHARLOTTE BAG + CHARLOTTE BAG , PINK/WHITE SPOTS",0.017009232798417234,0.3041769041769042,15.081206943877245
STRAWBERRY CHARLOTTE BAG,"RED SPOTTY CHARLOTTE BAG + CHARLOTTE BAG , PINK/WHITE SPOTS",0.017009232798417234,0.44887599709934733,15.167590795208401
"CHARLOTTE BAG , PINK/WHITE SPOTS",RED SPOTTY CHARLOTTE BAG + STRAWBERRY CHARLOTTE BAG,0.017009232798417234,0.3907828282828283,15.872063266594516
RED SPOTTY CHARLOTTE BAG + STRAWBERRY CHARLOTTE BAG,JUMBO BAG RED WHITE SPOTTY,0.010386898219388877,0.421875,3.8789477008590194
RED SPOTTY CHARLOTTE BAG + JUMBO BAG RED WHITE SPOTTY,STRAWBERRY CHARLOTTE BAG,0.010386898219388877,0.4666666666666667,12.315397631133672
STRAWBERRY CHARLOTTE BAG + JUMBO BAG RED WHITE SPOTTY,RED SPOTTY CHARLOTTE BAG,0.010386898219388877,0.7426326129666012,13.28053368603467
STRAWBERRY CHARLOTTE BAG,RED SPOTTY CHARLOTTE BAG + JUMBO BAG RED WHITE SPOTTY,0.010386898219388877,0.27411167512690354,12.31539763113367
"CHARLOTTE BAG , SUKI DESIGN + STRAWBERRY CHARLOTTE BAG","CHARLOTTE BAG , PINK/WHITE SPOTS",0.013766761925697956,0.6761133603238867,15.533533717744247
"CHARLOTTE BAG , SUKI DESIGN + CHARLOTTE BAG , PINK/WHITE SPOTS",STRAWBERRY CHARLOTTE BAG,0.013766761925697956,0.6014405762304923,15.872099673807162
"STRAWBERRY CHARLOTTE BAG + CHARLOTTE BAG , PINK/WHITE SPOTS","CHARLOTTE BAG , SUKI DESIGN",0.013766761925697956,0.6825613079019074,14.316870960902715
"CHARLOTTE BAG , SUKI DESIGN","STRAWBERRY CHARLOTTE BAG + CHARLOTTE BAG , PINK/WHITE SPOTS",0.013766761925697956,0.2887608069164265,14.316870960902717
STRAWBERRY CHARLOTTE BAG,"CHARLOTTE BAG , SUKI DESIGN + CHARLOTTE BAG , PINK/WHITE SPOTS",0.013766761925697956,0.3633067440174039,15.87209967380716
"CHARLOTTE BAG , PINK/WHITE SPOTS","CHARLOTTE BAG , SUKI DESIGN + STRAWBERRY CHARLOTTE BAG",0.013766761925697956,0.31628787878787884,15.533533717744247
"CHARLOTTE BAG , SUKI DESIGN + RED SPOTTY CHARLOTTE BAG",LUNCH BAG RED SPOTTY,0.012695097823697515,0.48124999999999996,5.7327823240589195
"CHARLOTTE BAG , SUKI DESIGN + LUNCH BAG RED SPOTTY",RED SPOTTY CHARLOTTE BAG,0.012695097823697515,0.7344992050874404,13.135083573239376
RED SPOTTY CHARLOTTE BAG + LUNCH BAG RED SPOTTY,"CHARLOTTE BAG , SUKI DESIGN",0.012695097823697515,0.6023468057366362,12.634354440557733
"CHARLOTTE BAG , SUKI DESIGN",RED SPOTTY CHARLOTTE BAG + LUNCH BAG RED SPOTTY,0.012695097823697515,0.2662824207492795,12.63435444055773
RED SPOTTY CHARLOTTE BAG,"CHARLOTTE BAG , SUKI DESIGN + LUNCH BAG RED SPOTTY",0.012695097823697515,0.227027027027027,13.135083573239376
RED SPOTTY CHARLOTTE BAG + LUNCH BAG RED SPOTTY,"CHARLOTTE BAG , PINK/WHITE SPOTS",0.013327104858210596,0.6323337679269883,14.52770863787813
"RED SPOTTY CHARLOTTE BAG + CHARLOTTE BAG , PINK/WHITE SPOTS",LUNCH BAG RED SPOTTY,0.013327104858210596,0.4503249767873723,5.36439494443406
"LUNCH BAG RED SPOTTY + CHARLOTTE BAG , PINK/WHITE SPOTS",RED SPOTTY CHARLOTTE BAG,0.013327104858210596,0.7784911717495987,13.921793966737786
RED SPOTTY CHARLOTTE BAG,"LUNCH BAG RED SPOTTY + CHARLOTTE BAG , PINK/WHITE SPOTS",0.013327104858210596,0.23832923832923833,13.921793966737788
"CHARLOTTE BAG , PINK/WHITE SPOTS",RED SPOTTY CHARLOTTE BAG + LUNCH BAG RED SPOTTY,0.013327104858210596,0.3061868686868687,14.52770863787813
RED SPOTTY CHARLOTTE BAG + LUNCH BAG RED SPOTTY,JUMBO BAG RED WHITE SPOTTY,0.010167069685645196,0.48239895697522817,4.4354378075397936
RED SPOTTY CHARLOTTE BAG + JUMBO BAG RED WHITE SPOTTY,LUNCH BAG RED SPOTTY,0.010167069685645196,0.45679012345679004,5.441409549210967
LUNCH BAG RED SPOTTY + JUMBO BAG RED WHITE SPOTTY,RED SPOTTY CHARLOTTE BAG,0.010167069685645196,0.33666969972702454,6.020679956985689
"CHARLOTTE BAG , SUKI DESIGN + LUNCH BAG BLACK SKULL.",RED SPOTTY CHARLOTTE BAG,0.010551769619696637,0.7164179104477612,12.81173493710807
"CHARLOTTE BAG , SUKI DESIGN + RED SPOTTY CHARLOTTE BAG",LUNCH BAG BLACK SKULL.,0.010551769619696637,0.4,6.207590618336887
LUNCH BAG BLACK SKULL. + RED SPOTTY CHARLOTTE BAG,"CHARLOTTE BAG , SUKI DESIGN",0.010551769619696637,0.6475548060708263,13.582602018748997
"CHARLOTTE BAG , SUKI DESIGN",LUNCH BAG BLACK SKULL. + RED SPOTTY CHARLOTTE BAG,0.010551769619696637,0.2213256484149856,13.582602018748997
LUNCH BAG BLACK SKULL. + RED SPOTTY CHARLOTTE BAG,"CHARLOTTE BAG , PINK/WHITE SPOTS",0.010716641020004396,0.6576728499156829,15.10986764781031
"LUNCH BAG BLACK SKULL. + CHARLOTTE BAG , PINK/WHITE SPOTS",RED SPOTTY CHARLOTTE BAG,0.010716641020004396,0.7894736842105263,14.118194749773698
"RED SPOTTY CHARLOTTE BAG + CHARLOTTE BAG , PINK/WHITE SPOTS",LUNCH BAG BLACK SKULL.,0.010716641020004396,0.36211699164345407,5.6196851001657055
"CHARLOTTE BAG , PINK/WHITE SPOTS",LUNCH BAG BLACK SKULL. + RED SPOTTY CHARLOTTE BAG,0.010716641020004396,0.24621212121212122,15.109867647810312
"CHARLOTTE BAG , SUKI DESIGN + RED SPOTTY CHARLOTTE BAG",PACK OF 72 RETRO SPOT CAKE CASES,0.011238733787645637,0.4260416666666667,4.975772892597347
"CHARLOTTE BAG , SUKI DESIGN + PACK OF 72 RETRO SPOT CAKE CASES",RED SPOTTY CHARLOTTE BAG,0.011238733787645637,0.7303571428571429,13.061010881010882
RED SPOTTY CHARLOTTE BAG + PACK OF 72 RETRO SPOT CAKE CASES,"CHARLOTTE BAG , SUKI DESIGN",0.011238733787645637,0.5970802919708029,12.523888176023895
"CHARLOTTE BAG , SUKI DESIGN",RED SPOTTY CHARLOTTE BAG + PACK OF 72 RETRO SPOT CAKE CASES,0.011238733787645637,0.23573487031700288,12.523888176023897
RED SPOTTY CHARLOTTE BAG,"CHARLOTTE BAG , SUKI DESIGN + PACK OF 72 RETRO SPOT CAKE CASES",0.011238733787645637,0.200982800982801,13.061010881010882
"RED SPOTTY CHARLOTTE BAG + CHARLOTTE BAG , PINK/WHITE SPOTS",PACK OF 72 RETRO SPOT CAKE CASES,0.012310397889646076,0.41597028783658313,4.8581484964534445
"PACK OF 72 RETRO SPOT CAKE CASES + CHARLOTTE BAG , PINK/WHITE SPOTS",RED SPOTTY CHARLOTTE BAG,0.012310397889646076,0.8175182481751825,14.619716996359331
RED SPOTTY CHARLOTTE BAG + PACK OF 72 RETRO SPOT CAKE CASES,"CHARLOTTE BAG , PINK/WHITE SPOTS",0.012310397889646076,0.654014598540146,15.025820246258203
"CHARLOTTE BAG , PINK/WHITE SPOTS",RED SPOTTY CHARLOTTE BAG + PACK OF 72 RETRO SPOT CAKE CASES,0.012310397889646076,0.2828282828282828,15.025820246258203
RED SPOTTY CHARLOTTE BAG,"PACK OF 72 RETRO SPOT CAKE CASES + CHARLOTTE BAG , PINK/WHITE SPOTS",0.012310397889646076,0.22014742014742014,14.619716996359331
"CHARLOTTE BAG , SUKI DESIGN + JUMBO STORAGE BAG SUKI",RED SPOTTY CHARLOTTE BAG,0.010469333919542757,0.630794701986755,11.280531103047661
"CHARLOTTE BAG , SUKI DESIGN + RED SPOTTY CHARLOTTE BAG",JUMBO STORAGE BAG SUKI,0.010469333919542757,0.39687500000000003,6.209404557179709
JUMBO STORAGE BAG SUKI + RED SPOTTY CHARLOTTE BAG,"CHARLOTTE BAG , SUKI DESIGN",0.010469333919542757,0.696526508226691,14.60979405613011
"CHARLOTTE BAG , SUKI DESIGN",JUMBO STORAGE BAG SUKI + RED SPOTTY CHARLOTTE BAG,0.010469333919542757,0.2195965417867435,14.60979405613011
"CHARLOTTE BAG , SUKI DESIGN + RED SPOTTY CHARLOTTE BAG","CHARLOTTE BAG , PINK/WHITE SPOTS",0.017751154099802154,0.6729166666666666,15.460090488215487
"CHARLOTTE BAG , SUKI DESIGN + CHARLOTTE BAG , PINK/WHITE SPOTS",RED SPOTTY CHARLOTTE BAG,0.017751154099802154,0.7755102040816327,13.868485182770899
"RED SPOTTY CHARLOTTE BAG + CHARLOTTE BAG , PINK/WHITE SPOTS","CHARLOTTE BAG , SUKI DESIGN",0.017751154099802154,0.5998142989786444,12.581234563937075
"CHARLOTTE BAG , SUKI DESIGN","RED SPOTTY CHARLOTTE BAG + CHARLOTTE BAG , PINK/WHITE SPOTS",0.017751154099802154,0.3723342939481268,12.581234563937075
RED SPOTTY CHARLOTTE BAG,"CHARLOTTE BAG , SUKI DESIGN + CHARLOTTE BAG , PINK/WHITE SPOTS",0.017751154099802154,0.3174447174447175,13.868485182770899
"CHARLOTTE BAG , PINK/WHITE SPOTS","CHARLOTTE BAG , SUKI DESIGN + RED SPOTTY CHARLOTTE BAG",0.017751154099802154,0.4078282828282828,15.460090488215487
"CHARLOTTE BAG , SUKI DESIGN + LUNCHBAG SUKI DESIGN",RED SPOTTY CHARLOTTE BAG,0.010771598153440316,0.6500829187396351,11.625463183672137
"CHARLOTTE BAG , SUKI DESIGN + RED SPOTTY CHARLOTTE BAG",LUNCHBAG SUKI DESIGN,0.010771598153440316,0.4083333333333333,6.199443749130857
LUNCHBAG SUKI DESIGN + RED SPOTTY CHARLOTTE BAG,"CHARLOTTE BAG , SUKI DESIGN",0.010771598153440316,0.6901408450704225,14.475853391240815
"CHARLOTTE BAG , SUKI DESIGN",LUNCHBAG SUKI DESIGN + RED SPOTTY CHARLOTTE BAG,0.010771598153440316,0.22593659942363112,14.475853391240816
"CHARLOTTE BAG , SUKI DESIGN + RED SPOTTY CHARLOTTE BAG",JUMBO BAG RED WHITE SPOTTY,0.010799076720158276,0.409375,3.7640159171298633
"CHARLOTTE BAG , SUKI DESIGN + JUMBO BAG RED WHITE SPOTTY",RED SPOTTY CHARLOTTE BAG,0.010799076720158276,0.6485148514851485,11.597421363757999
RED SPOTTY CHARLOTTE BAG + JUMBO BAG RED WHITE SPOTTY,"CHARLOTTE BAG , SUKI DESIGN",0.010799076720158276,0.48518518518518516,10.176864126374213
"CHARLOTTE BAG , SUKI DESIGN",RED SPOTTY CHARLOTTE BAG + JUMBO BAG RED WHITE SPOTTY,0.010799076720158276,0.2265129682997118,10.17686412637421
RED SPOTTY CHARLOTTE BAG + JUMBO BAG RED WHITE SPOTTY,"CHARLOTTE BAG , PINK/WHITE SPOTS",0.012557704990107716,0.5641975308641974,12.962295797480982
"RED SPOTTY CHARLOTTE BAG + CHARLOTTE BAG , PINK/WHITE SPOTS",JUMBO BAG RED WHITE SPOTTY,0.012557704990107716,0.4243268337975859,3.9014911914001376
"CHARLOTTE BAG , PINK/WHITE SPOTS + JUMBO BAG RED WHITE SPOTTY",RED SPOTTY CHARLOTTE BAG,0.012557704990107716,0.7719594594594594,13.804987050932997
RED SPOTTY CHARLOTTE BAG,"CHARLOTTE BAG , PINK/WHITE SPOTS + JUMBO BAG RED WHITE SPOTTY",0.012557704990107716,0.22457002457002456,13.804987050932997
"CHARLOTTE BAG , PINK/WHITE SPOTS",RED SPOTTY CHARLOTTE BAG + JUMBO BAG RED WHITE SPOTTY,0.012557704990107716,0.288510101010101,12.962295797480982
LUNCH BAG BLACK SKULL. + LUNCH BAG WOODLAND,LUNCH BAG RED SPOTTY,0.014865904594416356,0.6557575757575758,7.811564548926251
LUNCH BAG BLACK SKULL. + LUNCH BAG RED SPOTTY,LUNCH BAG WOODLAND,0.014865904594416356,0.45008319467554075,8.522074724574548
LUNCH BAG WOODLAND + LUNCH BAG RED SPOTTY,LUNCH BAG BLACK SKULL.,0.014865904594416356,0.525242718446602,8.151229428447223
LUNCH BAG BLACK SKULL.,LUNCH BAG WOODLAND + LUNCH BAG RED SPOTTY,0.014865904594416356,0.23070362473347547,8.151229428447223
LUNCH BAG WOODLAND,LUNCH BAG BLACK SKULL. + LUNCH BAG RED SPOTTY,0.014865904594416356,0.281477627471384,8.522074724574548
LUNCH BAG WOODLAND + LUNCH BAG RED SPOTTY,LUNCH BAG CARS BLUE,0.014618597493954714,0.516504854368932,9.111315879880841
LUNCH BAG WOODLAND + LUNCH BAG CARS BLUE,LUNCH BAG RED SPOTTY,0.014618597493954714,0.6472019464720195,7.709647540428717
LUNCH BAG RED SPOTTY + LUNCH BAG CARS BLUE,LUNCH BAG WOODLAND,0.014618597493954714,0.5086042065009561,9.630137504153378
LUNCH BAG WOODLAND,LUNCH BAG RED SPOTTY + LUNCH BAG CARS BLUE,0.014618597493954714,0.2767950052029136,9.630137504153376
LUNCH BAG CARS BLUE,LUNCH BAG WOODLAND + LUNCH BAG RED SPOTTY,0.014618597493954714,0.2578768783325254,9.11131587988084
LUNCHBAG SPACEBOY DESIGN + LUNCH BAG WOODLAND,LUNCH BAG RED SPOTTY,0.014426247526928995,0.6310096153846153,7.5167600402870445
LUNCHBAG SPACEBOY DESIGN + LUNCH BAG RED SPOTTY,LUNCH BAG WOODLAND,0.014426247526928995,0.5223880597014925,9.89112709087238
LUNCH BAG WOODLAND + LUNCH BAG RED SPOTTY,LUNCHBAG SPACEBOY DESIGN,0.014426247526928995,0.5097087378640777,8.615569153901308
LUNCHBAG SPACEBOY DESIGN,LUNCH BAG WOODLAND + LUNCH BAG RED SPOTTY,0.014426247526928995,0.24384579656293545,8.615569153901308
LUNCH BAG WOODLAND,LUNCHBAG SPACEBOY DESIGN + LUNCH BAG RED SPOTTY,0.014426247526928995,0.27315296566077,9.89112709087238
LUNCHBAG SUKI DESIGN + LUNCH BAG WOODLAND,LUNCH BAG RED SPOTTY,0.015580347329083316,0.6906211936662607,8.226869551522933
LUNCHBAG SUKI DESIGN + LUNCH BAG RED SPOTTY,LUNCH BAG WOODLAND,0.015580347329083316,0.4817332200509771,9.121350335117148
LUNCH BAG WOODLAND + LUNCH BAG RED SPOTTY,LUNCHBAG SUKI DESIGN,0.015580347329083316,0.550485436893204,8.357641226290145
LUNCHBAG SUKI DESIGN,LUNCH BAG WOODLAND + LUNCH BAG RED SPOTTY,0.015580347329083316,0.23654568210262827,8.357641226290143
LUNCH BAG WOODLAND,LUNCHBAG SUKI DESIGN + LUNCH BAG RED SPOTTY,0.015580347329083316,0.29500520291363164,9.121350335117148
LUNCH BAG WOODLAND + LUNCH BAG RED SPOTTY,LUNCHBAG PINK RETROSPOT,0.014975818861288195,0.529126213592233,9.165140963849854
LUNCH BAG WOODLAND + LUNCHBAG PINK RETROSPOT,LUNCH BAG RED SPOTTY,0.014975818861288195,0.7237715803452855,8.621766072643414
LUNCHBAG PINK RETROSPOT + LUNCH BAG RED SPOTTY,LUNCH BAG WOODLAND,0.014975818861288195,0.47145328719723184,8.92670552949098
LUNCH BAG WOODLAND,LUNCHBAG PINK RETROSPOT + LUNCH BAG RED SPOTTY,0.014975818861288195,0.28355879292403746,8.92670552949098
LUNCHBAG PINK RETROSPOT,LUNCH BAG WOODLAND + LUNCH BAG RED SPOTTY,0.014975818861288195,0.25940028557829603,9.165140963849854
LUNCH BAG WOODLAND + LUNCH BAG RED SPOTTY,JUMBO BAG RED WHITE SPOTTY,0.010359419652670917,0.3660194174757282,3.3653811623993684
LUNCH BAG WOODLAND + JUMBO BAG RED WHITE SPOTTY,LUNCH BAG RED SPOTTY,0.010359419652670917,0.6649029982363316,7.920507336110173
LUNCH BAG RED SPOTTY + JUMBO BAG RED WHITE SPOTTY,LUNCH BAG WOODLAND,0.010359419652670917,0.34303912647861695,6.495254885957247
LUNCH BAG BLACK SKULL. + LUNCH BAG RED SPOTTY,LUNCH BAG CARS BLUE,0.015250604528467795,0.4617304492512479,8.145077319026376
LUNCH BAG BLACK SKULL. + LUNCH BAG CARS BLUE,LUNCH BAG RED SPOTTY,0.015250604528467795,0.6278280542986425,7.4788604098318165
LUNCH BAG RED SPOTTY + LUNCH BAG CARS BLUE,LUNCH BAG BLACK SKULL.,0.015250604528467795,0.5305927342256214,8.234256197841711
LUNCH BAG BLACK SKULL.,LUNCH BAG RED SPOTTY + LUNCH BAG CARS BLUE,0.015250604528467795,0.23667377398720682,8.234256197841711
LUNCH BAG CARS BLUE,LUNCH BAG BLACK SKULL. + LUNCH BAG RED SPOTTY,0.015250604528467795,0.2690256907416384,8.145077319026376
LUNCH BAG BLACK SKULL. + LUNCHBAG SPACEBOY DESIGN,LUNCH BAG RED SPOTTY,0.015278083095185755,0.6170921198668147,7.350971006937192
LUNCH BAG BLACK SKULL. + LUNCH BAG RED SPOTTY,LUNCHBAG SPACEBOY DESIGN,0.015278083095185755,0.46256239600665555,7.8186580192634505
LUNCHBAG SPACEBOY DESIGN + LUNCH BAG RED SPOTTY,LUNCH BAG BLACK SKULL.,0.015278083095185755,0.5532338308457712,8.585622845261963
LUNCH BAG BLACK SKULL.,LUNCHBAG SPACEBOY DESIGN + LUNCH BAG RED SPOTTY,0.015278083095185755,0.2371002132196162,8.585622845261963
LUNCHBAG SPACEBOY DESIGN,LUNCH BAG BLACK SKULL. + LUNCH BAG RED SPOTTY,0.015278083095185755,0.25824431026474687,7.8186580192634505
LUNCH BAG BLACK SKULL. + LUNCHBAG SUKI DESIGN,LUNCH BAG RED SPOTTY,0.016624532864365795,0.5978260869565217,7.121468725539031
LUNCH BAG BLACK SKULL. + LUNCH BAG RED SPOTTY,LUNCHBAG SUKI DESIGN,0.016624532864365795,0.5033277870216306,7.641679109424772
LUNCHBAG SUKI DESIGN + LUNCH BAG RED SPOTTY,LUNCH BAG BLACK SKULL.,0.016624532864365795,0.514018691588785,7.977044018890859
LUNCH BAG BLACK SKULL.,LUNCHBAG SUKI DESIGN + LUNCH BAG RED SPOTTY,0.016624532864365795,0.2579957356076759,7.97704401889086
LUNCHBAG SUKI DESIGN,LUNCH BAG BLACK SKULL. + LUNCH BAG RED SPOTTY,0.016624532864365795,0.2523988318731748,7.641679109424773
LUNCH BAG BLACK SKULL. + LUNCHBAG PINK RETROSPOT,LUNCH BAG RED SPOTTY,0.017284018465596834,0.6593291404612159,7.85411000971017
LUNCH BAG BLACK SKULL. + LUNCH BAG RED SPOTTY,LUNCHBAG PINK RETROSPOT,0.017284018465596834,0.5232945091514143,9.064128404111504
LUNCHBAG PINK RETROSPOT + LUNCH BAG RED SPOTTY,LUNCH BAG BLACK SKULL.,0.017284018465596834,0.5441176470588235,8.444149002884735
LUNCH BAG BLACK SKULL.,LUNCHBAG PINK RETROSPOT + LUNCH BAG RED SPOTTY,0.017284018465596834,0.2682302771855011,8.444149002884735
LUNCHBAG PINK RETROSPOT,LUNCH BAG BLACK SKULL. + LUNCH BAG RED SPOTTY,0.017284018465596834,0.29938124702522606,9.064128404111504
LUNCH BAG RED SPOTTY,LUNCH BAG BLACK SKULL. + LUNCHBAG PINK RETROSPOT,0.017284018465596834,0.20589198036006545,7.85411000971017
LUNCH BAG BLACK SKULL. + LUNCH BAG RED SPOTTY,JUMBO BAG RED WHITE SPOTTY,0.011486040888107276,0.3477537437603993,3.1974366455099674
LUNCH BAG BLACK SKULL. + JUMBO BAG RED WHITE SPOTTY,LUNCH BAG RED SPOTTY,0.011486040888107276,0.6210995542347697,7.398708667008752
LUNCH BAG RED SPOTTY + JUMBO BAG RED WHITE SPOTTY,LUNCH BAG BLACK SKULL.,0.011486040888107276,0.3803457688808007,5.90257706657147
LUNCHBAG SPACEBOY DESIGN + LUNCH BAG RED SPOTTY,LUNCH BAG CARS BLUE,0.013601890525390195,0.4925373134328358,8.688520557657665
LUNCHBAG SPACEBOY DESIGN + LUNCH BAG CARS BLUE,LUNCH BAG RED SPOTTY,0.013601890525390195,0.6036585365853658,7.190946469202826
LUNCH BAG RED SPOTTY + LUNCH BAG CARS BLUE,LUNCHBAG SPACEBOY DESIGN,0.013601890525390195,0.4732313575525813,7.998994688366715
LUNCHBAG SPACEBOY DESIGN,LUNCH BAG RED SPOTTY + LUNCH BAG CARS BLUE,0.013601890525390195,0.2299117510450534,7.9989946883667145
LUNCH BAG CARS BLUE,LUNCHBAG SPACEBOY DESIGN + LUNCH BAG RED SPOTTY,0.013601890525390195,0.23994183228308288,8.688520557657665
LUNCHBAG SUKI DESIGN + LUNCH BAG RED SPOTTY,LUNCH BAG CARS BLUE,0.015937568696416795,0.49277824978759555,8.69277075437236
LUNCHBAG SUKI DESIGN + LUNCH BAG CARS BLUE,LUNCH BAG RED SPOTTY,0.015937568696416795,0.6157112526539278,7.334521737015299
LUNCH BAG RED SPOTTY + LUNCH BAG CARS BLUE,LUNCHBAG SUKI DESIGN,0.015937568696416795,0.5544933078393881,8.418489970334171
LUNCHBAG SUKI DESIGN,LUNCH BAG RED SPOTTY + LUNCH BAG CARS BLUE,0.015937568696416795,0.2419691280767626,8.418489970334173
LUNCH BAG CARS BLUE,LUNCHBAG SUKI DESIGN + LUNCH BAG RED SPOTTY,0.015937568696416795,0.28114396509936984,8.69277075437236
LUNCHBAG PINK RETROSPOT + LUNCH BAG RED SPOTTY,LUNCH BAG CARS BLUE,0.015745218729391074,0.495674740484429,8.743865804997256
LUNCHBAG PINK RETROSPOT + LUNCH BAG CARS BLUE,LUNCH BAG RED SPOTTY,0.015745218729391074,0.6366666666666666,7.584148390616475
LUNCH BAG RED SPOTTY + LUNCH BAG CARS BLUE,LUNCHBAG PINK RETROSPOT,0.015745218729391074,0.5478011472275335,9.48861463584217
LUNCHBAG PINK RETROSPOT,LUNCH BAG RED SPOTTY + LUNCH BAG CARS BLUE,0.015745218729391074,0.2727272727272727,9.488614635842168
LUNCH BAG CARS BLUE,LUNCHBAG PINK RETROSPOT + LUNCH BAG RED SPOTTY,0.015745218729391074,0.27775084827920504,8.743865804997258
LUNCH BAG RED SPOTTY + LUNCH BAG CARS BLUE,JUMBO BAG RED WHITE SPOTTY,0.010441855352824797,0.36328871892925435,3.34027363801754
LUNCH BAG RED SPOTTY + JUMBO BAG RED WHITE SPOTTY,LUNCH BAG CARS BLUE,0.010441855352824797,0.34576888080072793,6.0994770286476445
LUNCH BAG CARS BLUE + JUMBO BAG RED WHITE SPOTTY,LUNCH BAG RED SPOTTY,0.010441855352824797,0.6301824212271974,7.506906276039334
LUNCHBAG SUKI DESIGN + JUMBO STORAGE BAG SUKI,LUNCH BAG RED SPOTTY,0.010826555286876236,0.5441988950276243,6.4826468699984625
LUNCHBAG SUKI DESIGN + LUNCH BAG RED SPOTTY,JUMBO STORAGE BAG SUKI,0.010826555286876236,0.33474936278674594,5.237402756034075
JUMBO STORAGE BAG SUKI + LUNCH BAG RED SPOTTY,LUNCHBAG SUKI DESIGN,0.010826555286876236,0.5718432510885341,8.681902208433012
JUMBO STORAGE BAG SUKI + LUNCH BAG RED SPOTTY,JUMBO BAG RED WHITE SPOTTY,0.012695097823697515,0.6705370101596516,6.165281170725124
JUMBO STORAGE BAG SUKI + JUMBO BAG RED WHITE SPOTTY,LUNCH BAG RED SPOTTY,0.012695097823697515,0.34894259818731116,4.156700174544231
LUNCH BAG RED SPOTTY + JUMBO BAG RED WHITE SPOTTY,JUMBO STORAGE BAG SUKI,0.012695097823697515,0.4203821656050955,6.577191646904831
"CHARLOTTE BAG , SUKI DESIGN + LUNCH BAG RED SPOTTY","CHARLOTTE BAG , PINK/WHITE SPOTS",0.010606726753132557,0.6136724960254373,14.098970628382395
"CHARLOTTE BAG , SUKI DESIGN + CHARLOTTE BAG , PINK/WHITE SPOTS",LUNCH BAG RED SPOTTY,0.010606726753132557,0.4633853541416567,5.519973750547683
"LUNCH BAG RED SPOTTY + CHARLOTTE BAG , PINK/WHITE SPOTS","CHARLOTTE BAG , SUKI DESIGN",0.010606726753132557,0.6195826645264848,12.995880304004515
"CHARLOTTE BAG , SUKI DESIGN","LUNCH BAG RED SPOTTY + CHARLOTTE BAG , PINK/WHITE SPOTS",0.010606726753132557,0.22247838616714696,12.995880304004514
"CHARLOTTE BAG , PINK/WHITE SPOTS","CHARLOTTE BAG , SUKI DESIGN + LUNCH BAG RED SPOTTY",0.010606726753132557,0.2436868686868687,14.098970628382395
LUNCHBAG SUKI DESIGN + LUNCHBAG SPACEBOY DESIGN,LUNCH BAG RED SPOTTY,0.016157397230160474,0.5736585365853659,6.833578220430323
LUNCHBAG SUKI DESIGN + LUNCH BAG RED SPOTTY,LUNCHBAG SPACEBOY DESIGN,0.016157397230160474,0.4995751911639762,8.444282562396388
LUNCHBAG SPACEBOY DESIGN + LUNCH BAG RED SPOTTY,LUNCHBAG SUKI DESIGN,0.016157397230160474,0.5850746268656717,8.882785073381529
LUNCHBAG SUKI DESIGN,LUNCHBAG SPACEBOY DESIGN + LUNCH BAG RED SPOTTY,0.016157397230160474,0.2453066332916145,8.882785073381527
LUNCHBAG SPACEBOY DESIGN,LUNCHBAG SUKI DESIGN + LUNCH BAG RED SPOTTY,0.016157397230160474,0.2731072921504877,8.444282562396387
LUNCHBAG SPACEBOY DESIGN + LUNCHBAG PINK RETROSPOT,LUNCH BAG RED SPOTTY,0.014536161793800835,0.6282660332541568,7.484077735576194
LUNCHBAG SPACEBOY DESIGN + LUNCH BAG RED SPOTTY,LUNCHBAG PINK RETROSPOT,0.014536161793800835,0.5263681592039801,9.117367943717868
LUNCHBAG PINK RETROSPOT + LUNCH BAG RED SPOTTY,LUNCHBAG SPACEBOY DESIGN,0.014536161793800835,0.4576124567474048,7.734989561519534
LUNCHBAG SPACEBOY DESIGN,LUNCHBAG PINK RETROSPOT + LUNCH BAG RED SPOTTY,0.014536161793800835,0.24570366929865303,7.734989561519534
LUNCHBAG PINK RETROSPOT,LUNCHBAG SPACEBOY DESIGN + LUNCH BAG RED SPOTTY,0.014536161793800835,0.2517848643503094,9.11736794371787
LUNCHBAG SUKI DESIGN + LUNCHBAG PINK RETROSPOT,LUNCH BAG RED SPOTTY,0.016844361398109475,0.6692139737991266,7.971860862356077
LUNCHBAG SUKI DESIGN + LUNCH BAG RED SPOTTY,LUNCHBAG PINK RETROSPOT,0.016844361398109475,0.5208156329651656,9.021191106553216
LUNCHBAG PINK RETROSPOT + LUNCH BAG RED SPOTTY,LUNCHBAG SUKI DESIGN,0.016844361398109475,0.5302768166089965,8.050827663760783
LUNCHBAG SUKI DESIGN,LUNCHBAG PINK RETROSPOT + LUNCH BAG RED SPOTTY,0.016844361398109475,0.2557363370880267,8.050827663760785
LUNCHBAG PINK RETROSPOT,LUNCHBAG SUKI DESIGN + LUNCH BAG RED SPOTTY,0.016844361398109475,0.2917658257972394,9.021191106553218
LUNCH BAG RED SPOTTY,LUNCHBAG SUKI DESIGN + LUNCHBAG PINK RETROSPOT,0.016844361398109475,0.2006546644844517,7.971860862356078
LUNCHBAG SUKI DESIGN + LUNCH BAG RED SPOTTY,JUMBO BAG RED WHITE SPOTTY,0.012145526489338317,0.37553101104502973,3.452835915601496
LUNCHBAG SUKI DESIGN + JUMBO BAG RED WHITE SPOTTY,LUNCH BAG RED SPOTTY,0.012145526489338317,0.5924932975871313,7.057943072271975
LUNCH BAG RED SPOTTY + JUMBO BAG RED WHITE SPOTTY,LUNCHBAG SUKI DESIGN,0.012145526489338317,0.4021838034576888,6.106079672687613
JUMBO BAG PINK WITH WHITE SPOTS + LUNCHBAG PINK RETROSPOT,LUNCH BAG RED SPOTTY,0.010194548252363156,0.6022727272727272,7.174438327629816
JUMBO BAG PINK WITH WHITE SPOTS + LUNCH BAG RED SPOTTY,LUNCHBAG PINK RETROSPOT,0.010194548252363156,0.6062091503267973,10.50031575378049
LUNCHBAG PINK RETROSPOT + LUNCH BAG RED SPOTTY,JUMBO BAG PINK WITH WHITE SPOTS,0.010194548252363156,0.3209342560553633,5.2117088114086485
LUNCHBAG PINK RETROSPOT + LUNCH BAG RED SPOTTY,JUMBO BAG RED WHITE SPOTTY,0.012090569355902397,0.3806228373702422,3.499652930161156
LUNCHBAG PINK RETROSPOT + JUMBO BAG RED WHITE SPOTTY,LUNCH BAG RED SPOTTY,0.012090569355902397,0.6461086637298091,7.696624055795487
LUNCH BAG RED SPOTTY + JUMBO BAG RED WHITE SPOTTY,LUNCHBAG PINK RETROSPOT,0.012090569355902397,0.40036396724294815,6.934814610140585
LUNCHBAG PINK RETROSPOT,LUNCH BAG RED SPOTTY + JUMBO BAG RED WHITE SPOTTY,0.012090569355902397,0.2094240837696335,6.9348146101405845
JUMBO BAG PINK WITH WHITE SPOTS + LUNCH BAG RED SPOTTY,JUMBO BAG RED WHITE SPOTTY,0.012447790723235876,0.7401960784313726,6.805764448275521
JUMBO BAG PINK WITH WHITE SPOTS + JUMBO BAG RED WHITE SPOTTY,LUNCH BAG RED SPOTTY,0.012447790723235876,0.31767180925666194,3.7841939386148744
LUNCH BAG RED SPOTTY + JUMBO BAG RED WHITE SPOTTY,JUMBO BAG PINK WITH WHITE SPOTS,0.012447790723235876,0.41219290263876246,6.693674302913808
JUMBO BAG PINK WITH WHITE SPOTS,LUNCH BAG RED SPOTTY + JUMBO BAG RED WHITE SPOTTY,0.012447790723235876,0.20214190093708165,6.693674302913808
JUMBO BAG STRAWBERRY + LUNCH BAG RED SPOTTY,JUMBO BAG RED WHITE SPOTTY,0.010716641020004396,0.75,6.895907023749368
JUMBO BAG STRAWBERRY + JUMBO BAG RED WHITE SPOTTY,LUNCH BAG RED SPOTTY,0.010716641020004396,0.3293918918918919,3.923806785508913
LUNCH BAG RED SPOTTY + JUMBO BAG RED WHITE SPOTTY,JUMBO BAG STRAWBERRY,0.010716641020004396,0.35486806187443126,7.060884914015475
JUMBO BAG STRAWBERRY,LUNCH BAG RED SPOTTY + JUMBO BAG RED WHITE SPOTTY,0.010716641020004396,0.21323127392017496,7.060884914015475
LUNCH BAG BLACK SKULL. + LUNCH BAG WOODLAND,LUNCH BAG CARS BLUE,0.012914926357441197,0.5696969696969697,10.04964232729623
LUNCH BAG BLACK SKULL. + LUNCH BAG CARS BLUE,LUNCH BAG WOODLAND,0.012914926357441197,0.5316742081447964,10.06695514193831
LUNCH BAG WOODLAND + LUNCH BAG CARS BLUE,LUNCH BAG BLACK SKULL.,0.012914926357441197,0.5717761557177615,8.873380750055768
LUNCH BAG BLACK SKULL.,LUNCH BAG WOODLAND + LUNCH BAG CARS BLUE,0.012914926357441197,0.20042643923240938,8.87338075005577
LUNCH BAG WOODLAND,LUNCH BAG BLACK SKULL. + LUNCH BAG CARS BLUE,0.012914926357441197,0.24453694068678464,10.06695514193831
LUNCH BAG CARS BLUE,LUNCH BAG BLACK SKULL. + LUNCH BAG WOODLAND,0.012914926357441197,0.22782355792535144,10.04964232729623
LUNCH BAG BLACK SKULL. + LUNCHBAG SPACEBOY DESIGN,LUNCH BAG WOODLAND,0.012392833589799956,0.5005549389567148,9.477729104325059
LUNCH BAG BLACK SKULL. + LUNCH BAG WOODLAND,LUNCHBAG SPACEBOY DESIGN,0.012392833589799956,0.5466666666666667,9.240266295092121
LUNCHBAG SPACEBOY DESIGN + LUNCH BAG WOODLAND,LUNCH BAG BLACK SKULL.,0.012392833589799956,0.5420673076923077,8.41232983434476
LUNCHBAG SPACEBOY DESIGN,LUNCH BAG BLACK SKULL. + LUNCH BAG WOODLAND,0.012392833589799956,0.2094751509521598,9.240266295092121
LUNCH BAG WOODLAND,LUNCH BAG BLACK SKULL. + LUNCHBAG SPACEBOY DESIGN,0.012392833589799956,0.23465140478668056,9.47772910432506
LUNCH BAG BLACK SKULL. + LUNCHBAG SUKI DESIGN,LUNCH BAG WOODLAND,0.012777533523851395,0.4594861660079051,8.70011475200816
LUNCH BAG BLACK SKULL. + LUNCH BAG WOODLAND,LUNCHBAG SUKI DESIGN,0.012777533523851395,0.5636363636363636,8.557302688967269
LUNCHBAG SUKI DESIGN + LUNCH BAG WOODLAND,LUNCH BAG BLACK SKULL.,0.012777533523851395,0.5663824604141291,8.789676119143278
LUNCH BAG WOODLAND,LUNCH BAG BLACK SKULL. + LUNCHBAG SUKI DESIGN,0.012777533523851395,0.24193548387096775,8.70011475200816
LUNCH BAG BLACK SKULL. + LUNCH BAG WOODLAND,LUNCHBAG PINK RETROSPOT,0.012447790723235876,0.5490909090909091,9.510954956514214
LUNCH BAG BLACK SKULL. + LUNCHBAG PINK RETROSPOT,LUNCH BAG WOODLAND,0.012447790723235876,0.4748427672955975,8.990883448190106
LUNCH BAG WOODLAND + LUNCHBAG PINK RETROSPOT,LUNCH BAG BLACK SKULL.,0.012447790723235876,0.601593625498008,9.336117364231772
LUNCH BAG WOODLAND,LUNCH BAG BLACK SKULL. + LUNCHBAG PINK RETROSPOT,0.012447790723235876,0.2356919875130073,8.990883448190106
LUNCHBAG PINK RETROSPOT,LUNCH BAG BLACK SKULL. + LUNCH BAG WOODLAND,0.012447790723235876,0.21561161351737268,9.510954956514215
LUNCHBAG SPACEBOY DESIGN + LUNCH BAG WOODLAND,LUNCH BAG CARS BLUE,0.012200483622774237,0.5336538461538461,9.413829747567023
LUNCHBAG SPACEBOY DESIGN + LUNCH BAG CARS BLUE,LUNCH BAG WOODLAND,0.012200483622774237,0.5414634146341464,10.252308317047792
LUNCH BAG WOODLAND + LUNCH BAG CARS BLUE,LUNCHBAG SPACEBOY DESIGN,0.012200483622774237,0.5401459854014599,9.130047701221518
LUNCHBAG SPACEBOY DESIGN,LUNCH BAG WOODLAND + LUNCH BAG CARS BLUE,0.012200483622774237,0.206223873664654,9.130047701221518
LUNCH BAG WOODLAND,LUNCHBAG SPACEBOY DESIGN + LUNCH BAG CARS BLUE,0.012200483622774237,0.23100936524453697,10.252308317047792
LUNCH BAG CARS BLUE,LUNCHBAG SPACEBOY DESIGN + LUNCH BAG WOODLAND,0.012200483622774237,0.21522055259331072,9.413829747567023
LUNCHBAG SUKI DESIGN + LUNCH BAG WOODLAND,LUNCH BAG CARS BLUE,0.012475269289953836,0.5529841656516443,9.754822955111313
LUNCHBAG SUKI DESIGN + LUNCH BAG CARS BLUE,LUNCH BAG WOODLAND,0.012475269289953836,0.48195329087048827,9.12551725356858
LUNCH BAG WOODLAND + LUNCH BAG CARS BLUE,LUNCHBAG SUKI DESIGN,0.012475269289953836,0.5523114355231143,8.385364105781049
LUNCH BAG WOODLAND,LUNCHBAG SUKI DESIGN + LUNCH BAG CARS BLUE,0.012475269289953836,0.23621227887617066,9.12551725356858
LUNCH BAG CARS BLUE,LUNCHBAG SUKI DESIGN + LUNCH BAG WOODLAND,0.012475269289953836,0.2200678623364033,9.754822955111313
LUNCH BAG WOODLAND + LUNCH BAG CARS BLUE,LUNCHBAG PINK RETROSPOT,0.012008133655748517,0.5316301703163017,9.208512688315492
LUNCH BAG WOODLAND + LUNCHBAG PINK RETROSPOT,LUNCH BAG CARS BLUE,0.012008133655748517,0.5803452855245684,10.237482128361655
LUNCHBAG PINK RETROSPOT + LUNCH BAG CARS BLUE,LUNCH BAG WOODLAND,0.012008133655748517,0.4855555555555556,9.193724129957221
LUNCH BAG WOODLAND,LUNCHBAG PINK RETROSPOT + LUNCH BAG CARS BLUE,0.012008133655748517,0.22736732570239337,9.193724129957221
LUNCH BAG CARS BLUE,LUNCH BAG WOODLAND + LUNCHBAG PINK RETROSPOT,0.012008133655748517,0.21182743577314592,10.237482128361655
LUNCHBAG PINK RETROSPOT,LUNCH BAG WOODLAND + LUNCH BAG CARS BLUE,0.012008133655748517,0.207996192289386,9.208512688315492
LUNCHBAG SPACEBOY DESIGN + LUNCH BAG WOODLAND,LUNCHBAG SUKI DESIGN,0.012969883490877116,0.5673076923076923,8.61304194345496
LUNCHBAG SPACEBOY DESIGN + LUNCHBAG SUKI DESIGN,LUNCH BAG WOODLAND,0.012969883490877116,0.4604878048780488,8.719080226390194
LUNCHBAG SUKI DESIGN + LUNCH BAG WOODLAND,LUNCHBAG SPACEBOY DESIGN,0.012969883490877116,0.5749086479902559,9.717638419721967
LUNCHBAG SPACEBOY DESIGN,LUNCHBAG SUKI DESIGN + LUNCH BAG WOODLAND,0.012969883490877116,0.2192289828146772,9.717638419721965
LUNCH BAG WOODLAND,LUNCHBAG SPACEBOY DESIGN + LUNCHBAG SUKI DESIGN,0.012969883490877116,0.24557752341311137,8.719080226390195
LUNCHBAG SPACEBOY DESIGN + LUNCH BAG WOODLAND,LUNCHBAG PINK RETROSPOT,0.011898219388876675,0.5204326923076923,9.014558085893164
LUNCHBAG SPACEBOY DESIGN + LUNCHBAG PINK RETROSPOT,LUNCH BAG WOODLAND,0.011898219388876675,0.514251781472684,9.737071192171653
LUNCH BAG WOODLAND + LUNCHBAG PINK RETROSPOT,LUNCHBAG SPACEBOY DESIGN,0.011898219388876675,0.5750332005312084,9.719743722123427
LUNCHBAG SPACEBOY DESIGN,LUNCH BAG WOODLAND + LUNCHBAG PINK RETROSPOT,0.011898219388876675,0.20111472364143057,9.719743722123429
LUNCH BAG WOODLAND,LUNCHBAG SPACEBOY DESIGN + LUNCHBAG PINK RETROSPOT,0.011898219388876675,0.22528616024973985,9.737071192171655
LUNCHBAG PINK RETROSPOT,LUNCHBAG SPACEBOY DESIGN + LUNCH BAG WOODLAND,0.011898219388876675,0.20609233698238932,9.014558085893164
LUNCHBAG SUKI DESIGN + LUNCH BAG WOODLAND,LUNCHBAG PINK RETROSPOT,0.012227962189492196,0.5420219244823387,9.388511126016786
LUNCHBAG SUKI DESIGN + LUNCHBAG PINK RETROSPOT,LUNCH BAG WOODLAND,0.012227962189492196,0.4858078602620088,9.198501379112916
LUNCH BAG WOODLAND + LUNCHBAG PINK RETROSPOT,LUNCHBAG SUKI DESIGN,0.012227962189492196,0.5909694555112882,8.972282196481768
LUNCH BAG WOODLAND,LUNCHBAG SUKI DESIGN + LUNCHBAG PINK RETROSPOT,0.012227962189492196,0.23152965660770033,9.198501379112916
LUNCHBAG PINK RETROSPOT,LUNCHBAG SUKI DESIGN + LUNCH BAG WOODLAND,0.012227962189492196,0.21180390290337936,9.388511126016788
LUNCH BAG BLACK SKULL. + LUNCHBAG SPACEBOY DESIGN,LUNCH BAG CARS BLUE,0.012475269289953836,0.5038845726970034,8.888689951327846
LUNCH BAG BLACK SKULL. + LUNCH BAG CARS BLUE,LUNCHBAG SPACEBOY DESIGN,0.012475269289953836,0.5135746606334841,8.680914560972482
LUNCHBAG SPACEBOY DESIGN + LUNCH BAG CARS BLUE,LUNCH BAG BLACK SKULL.,0.012475269289953836,0.5536585365853658,8.592213843673617
LUNCHBAG SPACEBOY DESIGN,LUNCH BAG BLACK SKULL. + LUNCH BAG CARS BLUE,0.012475269289953836,0.21086855550394798,8.680914560972482
LUNCH BAG CARS BLUE,LUNCH BAG BLACK SKULL. + LUNCHBAG SPACEBOY DESIGN,0.012475269289953836,0.2200678623364033,8.888689951327846
LUNCH BAG BLACK SKULL. + LUNCHBAG SUKI DESIGN,LUNCH BAG CARS BLUE,0.014123983293031436,0.5079051383399209,8.95961405451595
LUNCH BAG BLACK SKULL. + LUNCH BAG CARS BLUE,LUNCHBAG SUKI DESIGN,0.014123983293031436,0.5814479638009049,8.827723946033597
LUNCHBAG SUKI DESIGN + LUNCH BAG CARS BLUE,LUNCH BAG BLACK SKULL.,0.014123983293031436,0.5456475583864119,8.467891660894798
LUNCH BAG BLACK SKULL.,LUNCHBAG SUKI DESIGN + LUNCH BAG CARS BLUE,0.014123983293031436,0.21918976545842217,8.467891660894798
LUNCHBAG SUKI DESIGN,LUNCH BAG BLACK SKULL. + LUNCH BAG CARS BLUE,0.014123983293031436,0.21443471005423445,8.827723946033597
LUNCH BAG CARS BLUE,LUNCH BAG BLACK SKULL. + LUNCHBAG SUKI DESIGN,0.014123983293031436,0.24915172079495881,8.95961405451595
LUNCH BAG BLACK SKULL. + LUNCHBAG PINK RETROSPOT,LUNCH BAG CARS BLUE,0.014014069026159596,0.5345911949685535,9.430364889624624
LUNCH BAG BLACK SKULL. + LUNCH BAG CARS BLUE,LUNCHBAG PINK RETROSPOT,0.014014069026159596,0.5769230769230769,9.99304360560905
LUNCHBAG PINK RETROSPOT + LUNCH BAG CARS BLUE,LUNCH BAG BLACK SKULL.,0.014014069026159596,0.5666666666666667,8.794086709310589
LUNCH BAG BLACK SKULL.,LUNCHBAG PINK RETROSPOT + LUNCH BAG CARS BLUE,0.014014069026159596,0.21748400852878466,8.79408670931059
LUNCHBAG PINK RETROSPOT,LUNCH BAG BLACK SKULL. + LUNCH BAG CARS BLUE,0.014014069026159596,0.2427415516420752,9.99304360560905
LUNCH BAG CARS BLUE,LUNCH BAG BLACK SKULL. + LUNCHBAG PINK RETROSPOT,0.014014069026159596,0.24721279689772177,9.430364889624624
LUNCH BAG BLACK SKULL. + LUNCHBAG SPACEBOY DESIGN,LUNCHBAG SUKI DESIGN,0.014673554627390636,0.5926748057713652,8.998173354873392
LUNCH BAG BLACK SKULL. + LUNCHBAG SUKI DESIGN,LUNCHBAG SPACEBOY DESIGN,0.014673554627390636,0.5276679841897234,8.919132968245432
LUNCHBAG SPACEBOY DESIGN + LUNCHBAG SUKI DESIGN,LUNCH BAG BLACK SKULL.,0.014673554627390636,0.5209756097560976,8.085008268760726
LUNCH BAG BLACK SKULL.,LUNCHBAG SPACEBOY DESIGN + LUNCHBAG SUKI DESIGN,0.014673554627390636,0.22771855010660982,8.085008268760728
LUNCHBAG SPACEBOY DESIGN,LUNCH BAG BLACK SKULL. + LUNCHBAG SUKI DESIGN,0.014673554627390636,0.24802601021830006,8.91913296824543
LUNCHBAG SUKI DESIGN,LUNCH BAG BLACK SKULL. + LUNCHBAG SPACEBOY DESIGN,0.014673554627390636,0.2227784730913642,8.998173354873392
LUNCH BAG BLACK SKULL. + LUNCHBAG SPACEBOY DESIGN,LUNCHBAG PINK RETROSPOT,0.013244669158056716,0.53496115427303,9.266209579392722
LUNCH BAG BLACK SKULL. + LUNCHBAG PINK RETROSPOT,LUNCHBAG SPACEBOY DESIGN,0.013244669158056716,0.5052410901467506,8.540052834473082
LUNCHBAG SPACEBOY DESIGN + LUNCHBAG PINK RETROSPOT,LUNCH BAG BLACK SKULL.,0.013244669158056716,0.5724465558194775,8.883784673510629
LUNCH BAG BLACK SKULL.,LUNCHBAG SPACEBOY DESIGN + LUNCHBAG PINK RETROSPOT,0.013244669158056716,0.20554371002132196,8.883784673510629
LUNCHBAG SPACEBOY DESIGN,LUNCH BAG BLACK SKULL. + LUNCHBAG PINK RETROSPOT,0.013244669158056716,0.2238736646539712,8.540052834473082
LUNCHBAG PINK RETROSPOT,LUNCH BAG BLACK SKULL. + LUNCHBAG SPACEBOY DESIGN,0.013244669158056716,0.22941456449309852,9.266209579392722
LUNCH BAG BLACK SKULL. + LUNCHBAG SUKI DESIGN,LUNCHBAG PINK RETROSPOT,0.014123983293031436,0.5079051383399209,8.797564871235792
LUNCH BAG BLACK SKULL. + LUNCHBAG PINK RETROSPOT,LUNCHBAG SUKI DESIGN,0.014123983293031436,0.5387840670859538,8.179987388148533
LUNCHBAG SUKI DESIGN + LUNCHBAG PINK RETROSPOT,LUNCH BAG BLACK SKULL.,0.014123983293031436,0.5611353711790393,8.708246664369979
LUNCH BAG BLACK SKULL.,LUNCHBAG SUKI DESIGN + LUNCHBAG PINK RETROSPOT,0.014123983293031436,0.21918976545842217,8.708246664369979
LUNCHBAG SUKI DESIGN,LUNCH BAG BLACK SKULL. + LUNCHBAG PINK RETROSPOT,0.014123983293031436,0.21443471005423445,8.179987388148533
LUNCHBAG PINK RETROSPOT,LUNCH BAG BLACK SKULL. + LUNCHBAG SUKI DESIGN,0.014123983293031436,0.2446454069490719,8.797564871235794
LUNCHBAG SPACEBOY DESIGN + LUNCHBAG SUKI DESIGN,LUNCH BAG CARS BLUE,0.014563640360518795,0.5170731707317073,9.121341167846968
LUNCHBAG SPACEBOY DESIGN + LUNCH BAG CARS BLUE,LUNCHBAG SUKI DESIGN,0.014563640360518795,0.646341463414634,9.812957253477414
LUNCHBAG SUKI DESIGN + LUNCH BAG CARS BLUE,LUNCHBAG SPACEBOY DESIGN,0.014563640360518795,0.5626326963906582,9.510138916418407
LUNCHBAG SPACEBOY DESIGN,LUNCHBAG SUKI DESIGN + LUNCH BAG CARS BLUE,0.014563640360518795,0.24616813748258246,9.510138916418407
LUNCHBAG SUKI DESIGN,LUNCHBAG SPACEBOY DESIGN + LUNCH BAG CARS BLUE,0.014563640360518795,0.22110972048393823,9.812957253477414
LUNCH BAG CARS BLUE,LUNCHBAG SPACEBOY DESIGN + LUNCHBAG SUKI DESIGN,0.014563640360518795,0.2569074163839069,9.121341167846966
LUNCHBAG SPACEBOY DESIGN + LUNCHBAG PINK RETROSPOT,LUNCH BAG CARS BLUE,0.012750054957133435,0.5510688836104513,9.721036748595028
LUNCHBAG SPACEBOY DESIGN + LUNCH BAG CARS BLUE,LUNCHBAG PINK RETROSPOT,0.012750054957133435,0.5658536585365853,9.801307159192486
LUNCHBAG PINK RETROSPOT + LUNCH BAG CARS BLUE,LUNCHBAG SPACEBOY DESIGN,0.012750054957133435,0.5155555555555555,8.714397481550291
LUNCHBAG SPACEBOY DESIGN,LUNCHBAG PINK RETROSPOT + LUNCH BAG CARS BLUE,0.012750054957133435,0.215513237343242,8.714397481550291
LUNCHBAG PINK RETROSPOT,LUNCHBAG SPACEBOY DESIGN + LUNCH BAG CARS BLUE,0.012750054957133435,0.2208472156116135,9.801307159192485
LUNCH BAG CARS BLUE,LUNCHBAG SPACEBOY DESIGN + LUNCHBAG PINK RETROSPOT,0.012750054957133435,0.22491517207949588,9.72103674859503
LUNCHBAG SUKI DESIGN + LUNCHBAG PINK RETROSPOT,LUNCH BAG CARS BLUE,0.013409540558364475,0.5327510917030568,9.39790486149183
LUNCHBAG SUKI DESIGN + LUNCH BAG CARS BLUE,LUNCHBAG PINK RETROSPOT,0.013409540558364475,0.5180467091295117,8.973229813727363
LUNCHBAG PINK RETROSPOT + LUNCH BAG CARS BLUE,LUNCHBAG SUKI DESIGN,0.013409540558364475,0.5422222222222222,8.232186529458117
LUNCHBAG SUKI DESIGN,LUNCHBAG PINK RETROSPOT + LUNCH BAG CARS BLUE,0.013409540558364475,0.20358781810596577,8.232186529458119
LUNCHBAG PINK RETROSPOT,LUNCHBAG SUKI DESIGN + LUNCH BAG CARS BLUE,0.013409540558364475,0.2322703474535935,8.973229813727361
LUNCH BAG CARS BLUE,LUNCHBAG SUKI DESIGN + LUNCHBAG PINK RETROSPOT,0.013409540558364475,0.23654871546291809,9.39790486149183
SET/6 RED SPOTTY PAPER PLATES + SET/6 RED SPOTTY PAPER CUPS,SET/20 RED SPOTTY PAPER NAPKINS,0.013327104858210596,0.7450076804915514,12.782800334016285
SET/6 RED SPOTTY PAPER PLATES + SET/20 RED SPOTTY PAPER NAPKINS,SET/6 RED SPOTTY PAPER CUPS,0.013327104858210596,0.708029197080292,30.638048204692016
SET/6 RED SPOTTY PAPER CUPS + SET/20 RED SPOTTY PAPER NAPKINS,SET/6 RED SPOTTY PAPER PLATES,0.013327104858210596,0.8707360861759426,32.203076878165554
SET/6 RED SPOTTY PAPER PLATES,SET/6 RED SPOTTY PAPER CUPS + SET/20 RED SPOTTY PAPER NAPKINS,0.013327104858210596,0.49288617886178865,32.203076878165554
SET/6 RED SPOTTY PAPER CUPS,SET/6 RED SPOTTY PAPER PLATES + SET/20 RED SPOTTY PAPER NAPKINS,0.013327104858210596,0.5766944114149821,30.638048204692016
SET/20 RED SPOTTY PAPER NAPKINS,SET/6 RED SPOTTY PAPER PLATES + SET/6 RED SPOTTY PAPER CUPS,0.013327104858210596,0.22866572371522867,12.782800334016285
PACK OF 72 SKULL CAKE CASES + PACK OF 60 PINK PAISLEY CAKE CASES,PACK OF 72 RETRO SPOT CAKE CASES,0.010441855352824797,0.7169811320754718,8.373676944316614
PACK OF 72 SKULL CAKE CASES + PACK OF 72 RETRO SPOT CAKE CASES,PACK OF 60 PINK PAISLEY CAKE CASES,0.010441855352824797,0.4408352668213458,8.053653127591575
PACK OF 60 PINK PAISLEY CAKE CASES + PACK OF 72 RETRO SPOT CAKE CASES,PACK OF 72 SKULL CAKE CASES,0.010441855352824797,0.342034203420342,8.427426358072504
PACK OF 72 SKULL CAKE CASES,PACK OF 60 PINK PAISLEY CAKE CASES + PACK OF 72 RETRO SPOT CAKE CASES,0.010441855352824797,0.25727826675693977,8.427426358072504
PACK OF 72 SKULL CAKE CASES + 60 TEATIME FAIRY CAKE CASES,PACK OF 72 RETRO SPOT CAKE CASES,0.012695097823697515,0.7487844408427876,8.745110196133096
PACK OF 72 SKULL CAKE CASES + PACK OF 72 RETRO SPOT CAKE CASES,60 TEATIME FAIRY CAKE CASES,0.012695097823697515,0.5359628770301624,9.174393706905771
60 TEATIME FAIRY CAKE CASES + PACK OF 72 RETRO SPOT CAKE CASES,PACK OF 72 SKULL CAKE CASES,0.012695097823697515,0.38596491228070173,9.509840953093635
PACK OF 72 SKULL CAKE CASES,60 TEATIME FAIRY CAKE CASES + PACK OF 72 RETRO SPOT CAKE CASES,0.012695097823697515,0.3127962085308057,9.509840953093635
60 TEATIME FAIRY CAKE CASES,PACK OF 72 SKULL CAKE CASES + PACK OF 72 RETRO SPOT CAKE CASES,0.012695097823697515,0.21730950141110064,9.174393706905771
PACK OF 60 DINOSAUR CAKE CASES + PACK OF 60 PINK PAISLEY CAKE CASES,PACK OF 72 RETRO SPOT CAKE CASES,0.011156298087491757,0.6916524701873935,8.077861583780367
PACK OF 60 DINOSAUR CAKE CASES + PACK OF 72 RETRO SPOT CAKE CASES,PACK OF 60 PINK PAISLEY CAKE CASES,0.011156298087491757,0.5398936170212766,9.863357686063402
PACK OF 60 PINK PAISLEY CAKE CASES + PACK OF 72 RETRO SPOT CAKE CASES,PACK OF 60 DINOSAUR CAKE CASES,0.011156298087491757,0.36543654365436545,10.214260135690989
PACK OF 60 DINOSAUR CAKE CASES,PACK OF 60 PINK PAISLEY CAKE CASES + PACK OF 72 RETRO SPOT CAKE CASES,0.011156298087491757,0.3118279569892473,10.214260135690989
PACK OF 60 PINK PAISLEY CAKE CASES,PACK OF 60 DINOSAUR CAKE CASES + PACK OF 72 RETRO SPOT CAKE CASES,0.011156298087491757,0.20381526104417674,9.863357686063404
PACK OF 60 DINOSAUR CAKE CASES + 60 TEATIME FAIRY CAKE CASES,PACK OF 72 RETRO SPOT CAKE CASES,0.012750054957133435,0.6894502228826151,8.052141370713777
PACK OF 60 DINOSAUR CAKE CASES + PACK OF 72 RETRO SPOT CAKE CASES,60 TEATIME FAIRY CAKE CASES,0.012750054957133435,0.6170212765957446,10.56191829627109
60 TEATIME FAIRY CAKE CASES + PACK OF 72 RETRO SPOT CAKE CASES,PACK OF 60 DINOSAUR CAKE CASES,0.012750054957133435,0.38763575605680867,10.83474687743424
PACK OF 60 DINOSAUR CAKE CASES,60 TEATIME FAIRY CAKE CASES + PACK OF 72 RETRO SPOT CAKE CASES,0.012750054957133435,0.35637480798771115,10.83474687743424
60 TEATIME FAIRY CAKE CASES,PACK OF 60 DINOSAUR CAKE CASES + PACK OF 72 RETRO SPOT CAKE CASES,0.012750054957133435,0.21825023518344308,10.56191829627109
PACK OF 60 PINK PAISLEY CAKE CASES + 60 TEATIME FAIRY CAKE CASES,PACK OF 72 RETRO SPOT CAKE CASES,0.016871839964827436,0.6630669546436286,7.744009182731364
PACK OF 60 PINK PAISLEY CAKE CASES + PACK OF 72 RETRO SPOT CAKE CASES,60 TEATIME FAIRY CAKE CASES,0.016871839964827436,0.5526552655265526,9.460127198044358
60 TEATIME FAIRY CAKE CASES + PACK OF 72 RETRO SPOT CAKE CASES,PACK OF 60 PINK PAISLEY CAKE CASES,0.016871839964827436,0.5129490392648288,9.371105139018901
PACK OF 60 PINK PAISLEY CAKE CASES,60 TEATIME FAIRY CAKE CASES + PACK OF 72 RETRO SPOT CAKE CASES,0.016871839964827436,0.3082329317269077,9.371105139018901
60 TEATIME FAIRY CAKE CASES,PACK OF 60 PINK PAISLEY CAKE CASES + PACK OF 72 RETRO SPOT CAKE CASES,0.016871839964827436,0.28880526810912516,9.460127198044358
PACK OF 60 PINK PAISLEY CAKE CASES + 72 SWEETHEART FAIRY CAKE CASES,PACK OF 72 RETRO SPOT CAKE CASES,0.012063090789184437,0.6891679748822607,8.048844974940703
PACK OF 60 PINK PAISLEY CAKE CASES + PACK OF 72 RETRO SPOT CAKE CASES,72 SWEETHEART FAIRY CAKE CASES,0.012063090789184437,0.3951395139513951,9.856009041616977
72 SWEETHEART FAIRY CAKE CASES + PACK OF 72 RETRO SPOT CAKE CASES,PACK OF 60 PINK PAISLEY CAKE CASES,0.012063090789184437,0.5473815461346634,10.000155234403952
PACK OF 60 PINK PAISLEY CAKE CASES,72 SWEETHEART FAIRY CAKE CASES + PACK OF 72 RETRO SPOT CAKE CASES,0.012063090789184437,0.2203815261044177,10.000155234403952
72 SWEETHEART FAIRY CAKE CASES,PACK OF 60 PINK PAISLEY CAKE CASES + PACK OF 72 RETRO SPOT CAKE CASES,0.012063090789184437,0.3008910212474297,9.856009041616977
"CHARLOTTE BAG , SUKI DESIGN + CHARLOTTE BAG , PINK/WHITE SPOTS",PACK OF 72 RETRO SPOT CAKE CASES,0.010029676852055396,0.43817527010804325,5.117482166165567
"CHARLOTTE BAG , SUKI DESIGN + PACK OF 72 RETRO SPOT CAKE CASES","CHARLOTTE BAG , PINK/WHITE SPOTS",0.010029676852055396,0.6517857142857143,14.974612193362194
"PACK OF 72 RETRO SPOT CAKE CASES + CHARLOTTE BAG , PINK/WHITE SPOTS","CHARLOTTE BAG , SUKI DESIGN",0.010029676852055396,0.6660583941605839,13.970718778266264
"CHARLOTTE BAG , SUKI DESIGN","PACK OF 72 RETRO SPOT CAKE CASES + CHARLOTTE BAG , PINK/WHITE SPOTS",0.010029676852055396,0.21037463976945242,13.970718778266264
"CHARLOTTE BAG , PINK/WHITE SPOTS","CHARLOTTE BAG , SUKI DESIGN + PACK OF 72 RETRO SPOT CAKE CASES",0.010029676852055396,0.23042929292929293,14.974612193362194
60 TEATIME FAIRY CAKE CASES + 72 SWEETHEART FAIRY CAKE CASES,PACK OF 72 RETRO SPOT CAKE CASES,0.013821719059133876,0.6871584699453552,8.025375814586447
60 TEATIME FAIRY CAKE CASES + PACK OF 72 RETRO SPOT CAKE CASES,72 SWEETHEART FAIRY CAKE CASES,0.013821719059133876,0.42021720969089393,10.481524808136403
72 SWEETHEART FAIRY CAKE CASES + PACK OF 72 RETRO SPOT CAKE CASES,60 TEATIME FAIRY CAKE CASES,0.013821719059133876,0.6271820448877806,10.73584617947136
60 TEATIME FAIRY CAKE CASES,72 SWEETHEART FAIRY CAKE CASES + PACK OF 72 RETRO SPOT CAKE CASES,0.013821719059133876,0.23659454374412042,10.73584617947136
72 SWEETHEART FAIRY CAKE CASES,60 TEATIME FAIRY CAKE CASES + PACK OF 72 RETRO SPOT CAKE CASES,0.013821719059133876,0.3447566826593557,10.481524808136403
WHITE HANGING HEART T-LIGHT HOLDER + 60 TEATIME FAIRY CAKE CASES,PACK OF 72 RETRO SPOT CAKE CASES,0.010002198285337436,0.6222222222222221,7.266980459278275
WHITE HANGING HEART T-LIGHT HOLDER + PACK OF 72 RETRO SPOT CAKE CASES,60 TEATIME FAIRY CAKE CASES,0.010002198285337436,0.49931412894375854,8.547055400057037
60 TEATIME FAIRY CAKE CASES + PACK OF 72 RETRO SPOT CAKE CASES,WHITE HANGING HEART T-LIGHT HOLDER,0.010002198285337436,0.30409356725146197,2.0833157190164164
SWEETHEART CERAMIC TRINKET BOX + STRAWBERRY CERAMIC TRINKET BOX,WHITE HANGING HEART T-LIGHT HOLDER,0.010771598153440316,0.35347159603246164,2.42159983486697
SWEETHEART CERAMIC TRINKET BOX + WHITE HANGING HEART T-LIGHT HOLDER,STRAWBERRY CERAMIC TRINKET BOX,0.010771598153440316,0.8,11.985837793330589
STRAWBERRY CERAMIC TRINKET BOX + WHITE HANGING HEART T-LIGHT HOLDER,SWEETHEART CERAMIC TRINKET BOX,0.010771598153440316,0.5261744966442953,12.93820424451297
SWEETHEART CERAMIC TRINKET BOX,STRAWBERRY CERAMIC TRINKET BOX + WHITE HANGING HEART T-LIGHT HOLDER,0.010771598153440316,0.2648648648648649,12.93820424451297
RED SPOTTY CUP + PINK SPOTTY CUP,BLUE SPOTTY CUP,0.010194548252363156,0.8299776286353466,39.27769292756507
RED SPOTTY CUP + BLUE SPOTTY CUP,PINK SPOTTY CUP,0.010194548252363156,0.7843551797040168,38.05900493305144
PINK SPOTTY CUP + BLUE SPOTTY CUP,RED SPOTTY CUP,0.010194548252363156,0.7120921305182342,28.7299964676492
RED SPOTTY CUP,PINK SPOTTY CUP + BLUE SPOTTY CUP,0.010194548252363156,0.41130820399113077,28.729996467649197
PINK SPOTTY CUP,RED SPOTTY CUP + BLUE SPOTTY CUP,0.010194548252363156,0.4946666666666666,38.05900493305144
BLUE SPOTTY CUP,RED SPOTTY CUP + PINK SPOTTY CUP,0.010194548252363156,0.482444733420026,39.27769292756507
JUMBO BAG PINK WITH WHITE SPOTS + JUMBO BAG SCANDINAVIAN PAISLEY,JUMBO BAG PINK VINTAGE PAISLEY,0.010139591118927236,0.5729813664596273,12.93544534007367
JUMBO BAG PINK WITH WHITE SPOTS + JUMBO BAG PINK VINTAGE PAISLEY,JUMBO BAG SCANDINAVIAN PAISLEY,0.010139591118927236,0.5866454689984102,13.881145583738716
JUMBO BAG SCANDINAVIAN PAISLEY + JUMBO BAG PINK VINTAGE PAISLEY,JUMBO BAG PINK WITH WHITE SPOTS,0.010139591118927236,0.48745046235138706,7.915795281522391
JUMBO BAG SCANDINAVIAN PAISLEY,JUMBO BAG PINK WITH WHITE SPOTS + JUMBO BAG PINK VINTAGE PAISLEY,0.010139591118927236,0.2399219765929779,13.881145583738716
JUMBO BAG PINK VINTAGE PAISLEY,JUMBO BAG PINK WITH WHITE SPOTS + JUMBO BAG SCANDINAVIAN PAISLEY,0.010139591118927236,0.22890818858560794,12.93544534007367
JUMBO BAG SCANDINAVIAN PAISLEY + JUMBO BAG PINK VINTAGE PAISLEY,JUMBO SHOPPER VINTAGE RED PAISLEY,0.010716641020004396,0.5151915455746368,8.561119053220175
JUMBO BAG SCANDINAVIAN PAISLEY + JUMBO SHOPPER VINTAGE RED PAISLEY,JUMBO BAG PINK VINTAGE PAISLEY,0.010716641020004396,0.5619596541786743,12.686622664311612
JUMBO BAG PINK VINTAGE PAISLEY + JUMBO SHOPPER VINTAGE RED PAISLEY,JUMBO BAG SCANDINAVIAN PAISLEY,0.010716641020004396,0.5693430656934306,13.471737871726482
JUMBO BAG SCANDINAVIAN PAISLEY,JUMBO BAG PINK VINTAGE PAISLEY + JUMBO SHOPPER VINTAGE RED PAISLEY,0.010716641020004396,0.2535760728218466,13.471737871726482
JUMBO BAG PINK VINTAGE PAISLEY,JUMBO BAG SCANDINAVIAN PAISLEY + JUMBO SHOPPER VINTAGE RED PAISLEY,0.010716641020004396,0.24193548387096775,12.68662266431161
JUMBO BAG SCANDINAVIAN PAISLEY + JUMBO BAG PINK VINTAGE PAISLEY,JUMBO BAG RED WHITE SPOTTY,0.013437019125082435,0.6459709379128138,5.939407370521253
JUMBO BAG SCANDINAVIAN PAISLEY + JUMBO BAG RED WHITE SPOTTY,JUMBO BAG PINK VINTAGE PAISLEY,0.013437019125082435,0.5332606324972737,12.038722666154335
JUMBO BAG PINK VINTAGE PAISLEY + JUMBO BAG RED WHITE SPOTTY,JUMBO BAG SCANDINAVIAN PAISLEY,0.013437019125082435,0.5379537953795379,12.729008141386311
JUMBO BAG SCANDINAVIAN PAISLEY,JUMBO BAG PINK VINTAGE PAISLEY + JUMBO BAG RED WHITE SPOTTY,0.013437019125082435,0.31794538361508456,12.729008141386311
JUMBO BAG PINK VINTAGE PAISLEY,JUMBO BAG SCANDINAVIAN PAISLEY + JUMBO BAG RED WHITE SPOTTY,0.013437019125082435,0.3033498759305211,12.038722666154333
JUMBO BAG SCANDINAVIAN PAISLEY + JUMBO STORAGE BAG SUKI,JUMBO SHOPPER VINTAGE RED PAISLEY,0.011128819520773797,0.6328125,10.51566780821918
JUMBO BAG SCANDINAVIAN PAISLEY + JUMBO SHOPPER VINTAGE RED PAISLEY,JUMBO STORAGE BAG SUKI,0.011128819520773797,0.5835734870317003,9.13044124680036
JUMBO STORAGE BAG SUKI + JUMBO SHOPPER VINTAGE RED PAISLEY,JUMBO BAG SCANDINAVIAN PAISLEY,0.011128819520773797,0.45150501672240806,10.68346590933802
JUMBO BAG SCANDINAVIAN PAISLEY,JUMBO STORAGE BAG SUKI + JUMBO SHOPPER VINTAGE RED PAISLEY,0.011128819520773797,0.2633289986996099,10.68346590933802
JUMBO BAG SCANDINAVIAN PAISLEY + JUMBO STORAGE BAG SUKI,JUMBO BAG RED WHITE SPOTTY,0.012942404924159157,0.7359375,6.766608767054068
JUMBO BAG SCANDINAVIAN PAISLEY + JUMBO BAG RED WHITE SPOTTY,JUMBO STORAGE BAG SUKI,0.012942404924159157,0.5136314067611778,8.03614538041822
JUMBO STORAGE BAG SUKI + JUMBO BAG RED WHITE SPOTTY,JUMBO BAG SCANDINAVIAN PAISLEY,0.012942404924159157,0.35574018126888224,8.417488086305047
JUMBO BAG SCANDINAVIAN PAISLEY,JUMBO STORAGE BAG SUKI + JUMBO BAG RED WHITE SPOTTY,0.012942404924159157,0.30624187256176855,8.417488086305047
JUMBO STORAGE BAG SUKI,JUMBO BAG SCANDINAVIAN PAISLEY + JUMBO BAG RED WHITE SPOTTY,0.012942404924159157,0.20249355116079107,8.03614538041822
JUMBO BAG PINK WITH WHITE SPOTS + JUMBO BAG SCANDINAVIAN PAISLEY,JUMBO SHOPPER VINTAGE RED PAISLEY,0.010716641020004396,0.6055900621118012,10.06330298647154
JUMBO BAG PINK WITH WHITE SPOTS + JUMBO SHOPPER VINTAGE RED PAISLEY,JUMBO BAG SCANDINAVIAN PAISLEY,0.010716641020004396,0.4626334519572953,10.946785815103961
JUMBO BAG SCANDINAVIAN PAISLEY + JUMBO SHOPPER VINTAGE RED PAISLEY,JUMBO BAG PINK WITH WHITE SPOTS,0.010716641020004396,0.5619596541786743,9.125763380129548
JUMBO BAG SCANDINAVIAN PAISLEY,JUMBO BAG PINK WITH WHITE SPOTS + JUMBO SHOPPER VINTAGE RED PAISLEY,0.010716641020004396,0.2535760728218466,10.946785815103961
JUMBO BAG PINK WITH WHITE SPOTS + JUMBO BAG SCANDINAVIAN PAISLEY,JUMBO BAG RED WHITE SPOTTY,0.013656847658826115,0.7717391304347826,7.095788386756596
JUMBO BAG PINK WITH WHITE SPOTS + JUMBO BAG RED WHITE SPOTTY,JUMBO BAG SCANDINAVIAN PAISLEY,0.013656847658826115,0.34852734922861145,8.24681878616881
JUMBO BAG SCANDINAVIAN PAISLEY + JUMBO BAG RED WHITE SPOTTY,JUMBO BAG PINK WITH WHITE SPOTS,0.013656847658826115,0.5419847328244274,8.801387057985972
JUMBO BAG PINK WITH WHITE SPOTS,JUMBO BAG SCANDINAVIAN PAISLEY + JUMBO BAG RED WHITE SPOTTY,0.013656847658826115,0.2217759928603302,8.801387057985972
JUMBO BAG SCANDINAVIAN PAISLEY,JUMBO BAG PINK WITH WHITE SPOTS + JUMBO BAG RED WHITE SPOTTY,0.013656847658826115,0.323146944083225,8.24681878616881
JUMBO BAG SCANDINAVIAN PAISLEY + JUMBO SHOPPER VINTAGE RED PAISLEY,JUMBO BAG RED WHITE SPOTTY,0.013272147724774676,0.6959654178674352,6.399083751144946
JUMBO BAG SCANDINAVIAN PAISLEY + JUMBO BAG RED WHITE SPOTTY,JUMBO SHOPPER VINTAGE RED PAISLEY,0.013272147724774676,0.5267175572519084,8.752650841786052
JUMBO BAG RED WHITE SPOTTY + JUMBO SHOPPER VINTAGE RED PAISLEY,JUMBO BAG SCANDINAVIAN PAISLEY,0.013272147724774676,0.41745894554883317,9.8778712265365
JUMBO BAG SCANDINAVIAN PAISLEY,JUMBO BAG RED WHITE SPOTTY + JUMBO SHOPPER VINTAGE RED PAISLEY,0.013272147724774676,0.31404421326397924,9.8778712265365
JUMBO SHOPPER VINTAGE RED PAISLEY,JUMBO BAG SCANDINAVIAN PAISLEY + JUMBO BAG RED WHITE SPOTTY,0.013272147724774676,0.22054794520547946,8.75265084178605
JUMBO BAG SCANDINAVIAN PAISLEY + JUMBO BAG RED WHITE SPOTTY,JUMBO BAG BAROQUE BLACK WHITE,0.011623433721697076,0.4612868047982552,9.039929671630642
JUMBO BAG SCANDINAVIAN PAISLEY + JUMBO BAG BAROQUE BLACK WHITE,JUMBO BAG RED WHITE SPOTTY,0.011623433721697076,0.7447183098591549,6.847344298230006
JUMBO BAG BAROQUE BLACK WHITE + JUMBO BAG RED WHITE SPOTTY,JUMBO BAG SCANDINAVIAN PAISLEY,0.011623433721697076,0.38245931283905965,9.049713467385605
JUMBO BAG SCANDINAVIAN PAISLEY,JUMBO BAG BAROQUE BLACK WHITE + JUMBO BAG RED WHITE SPOTTY,0.011623433721697076,0.27503250975292587,9.049713467385605
JUMBO BAG BAROQUE BLACK WHITE,JUMBO BAG SCANDINAVIAN PAISLEY + JUMBO BAG RED WHITE SPOTTY,0.011623433721697076,0.22778675282714056,9.039929671630642
JUMBO BAG STRAWBERRY + JUMBO BAG SCANDINAVIAN PAISLEY,JUMBO BAG RED WHITE SPOTTY,0.010579248186414597,0.7077205882352942,6.507167167018399
JUMBO BAG STRAWBERRY + JUMBO BAG RED WHITE SPOTTY,JUMBO BAG SCANDINAVIAN PAISLEY,0.010579248186414597,0.3251689189189189,7.694113977436475
JUMBO BAG SCANDINAVIAN PAISLEY + JUMBO BAG RED WHITE SPOTTY,JUMBO BAG STRAWBERRY,0.010579248186414597,0.4198473282442748,8.353791126006369
JUMBO BAG STRAWBERRY,JUMBO BAG SCANDINAVIAN PAISLEY + JUMBO BAG RED WHITE SPOTTY,0.010579248186414597,0.21049753963914708,8.353791126006369
JUMBO BAG SCANDINAVIAN PAISLEY,JUMBO BAG STRAWBERRY + JUMBO BAG RED WHITE SPOTTY,0.010579248186414597,0.2503250975292588,7.6941139774364755
JUMBO BAG PINK VINTAGE PAISLEY + JUMBO STORAGE BAG SUKI,JUMBO SHOPPER VINTAGE RED PAISLEY,0.010359419652670917,0.5755725190839694,9.564490919864756
JUMBO BAG PINK VINTAGE PAISLEY + JUMBO SHOPPER VINTAGE RED PAISLEY,JUMBO STORAGE BAG SUKI,0.010359419652670917,0.5503649635036497,8.610869196829244
JUMBO STORAGE BAG SUKI + JUMBO SHOPPER VINTAGE RED PAISLEY,JUMBO BAG PINK VINTAGE PAISLEY,0.010359419652670917,0.4202898550724638,9.488330276549071
JUMBO BAG PINK VINTAGE PAISLEY,JUMBO STORAGE BAG SUKI + JUMBO SHOPPER VINTAGE RED PAISLEY,0.010359419652670917,0.23387096774193553,9.488330276549073
JUMBO BAG PINK VINTAGE PAISLEY + JUMBO STORAGE BAG SUKI,JUMBO BAG RED WHITE SPOTTY,0.012282919322928116,0.682442748091603,6.274748986495608
JUMBO BAG PINK VINTAGE PAISLEY + JUMBO BAG RED WHITE SPOTTY,JUMBO STORAGE BAG SUKI,0.012282919322928116,0.4917491749174917,7.693781587961031
JUMBO STORAGE BAG SUKI + JUMBO BAG RED WHITE SPOTTY,JUMBO BAG PINK VINTAGE PAISLEY,0.012282919322928116,0.33761329305135956,7.62185047191382
JUMBO BAG PINK VINTAGE PAISLEY,JUMBO STORAGE BAG SUKI + JUMBO BAG RED WHITE SPOTTY,0.012282919322928116,0.2772952853598015,7.62185047191382
JUMBO BAG PINK WITH WHITE SPOTS + JUMBO BAG PINK VINTAGE PAISLEY,JUMBO SHOPPER VINTAGE RED PAISLEY,0.010276983952517037,0.5945945945945946,9.88058743675182
JUMBO BAG PINK WITH WHITE SPOTS + JUMBO SHOPPER VINTAGE RED PAISLEY,JUMBO BAG PINK VINTAGE PAISLEY,0.010276983952517037,0.44365361803084225,10.015783168348891
JUMBO BAG PINK VINTAGE PAISLEY + JUMBO SHOPPER VINTAGE RED PAISLEY,JUMBO BAG PINK WITH WHITE SPOTS,0.010276983952517037,0.5459854014598541,8.866354631828207
JUMBO BAG PINK VINTAGE PAISLEY,JUMBO BAG PINK WITH WHITE SPOTS + JUMBO SHOPPER VINTAGE RED PAISLEY,0.010276983952517037,0.23200992555831268,10.01578316834889
JUMBO BAG PINK WITH WHITE SPOTS + JUMBO BAG PINK VINTAGE PAISLEY,JUMBO BAG RED WHITE SPOTTY,0.012777533523851395,0.739268680445151,6.797237447892859
JUMBO BAG PINK WITH WHITE SPOTS + JUMBO BAG RED WHITE SPOTTY,JUMBO BAG PINK VINTAGE PAISLEY,0.012777533523851395,0.3260869565217391,7.3616355593915195
JUMBO BAG PINK VINTAGE PAISLEY + JUMBO BAG RED WHITE SPOTTY,JUMBO BAG PINK WITH WHITE SPOTS,0.012777533523851395,0.5115511551155115,8.307170743848147
JUMBO BAG PINK WITH WHITE SPOTS,JUMBO BAG PINK VINTAGE PAISLEY + JUMBO BAG RED WHITE SPOTTY,0.012777533523851395,0.2074966532797858,8.307170743848147
JUMBO BAG PINK VINTAGE PAISLEY,JUMBO BAG PINK WITH WHITE SPOTS + JUMBO BAG RED WHITE SPOTTY,0.012777533523851395,0.2884615384615385,7.36163555939152
JUMBO BAG PINK VINTAGE PAISLEY + JUMBO SHOPPER VINTAGE RED PAISLEY,JUMBO BAG RED WHITE SPOTTY,0.012365355023081996,0.656934306569343,6.040210531751271
JUMBO BAG RED WHITE SPOTTY + JUMBO SHOPPER VINTAGE RED PAISLEY,JUMBO BAG PINK VINTAGE PAISLEY,0.012365355023081996,0.38893690579083834,8.78051605182394
JUMBO BAG PINK VINTAGE PAISLEY + JUMBO BAG RED WHITE SPOTTY,JUMBO SHOPPER VINTAGE RED PAISLEY,0.012365355023081996,0.49504950495049505,8.226411682264118
JUMBO SHOPPER VINTAGE RED PAISLEY,JUMBO BAG PINK VINTAGE PAISLEY + JUMBO BAG RED WHITE SPOTTY,0.012365355023081996,0.20547945205479454,8.226411682264118
JUMBO BAG PINK VINTAGE PAISLEY,JUMBO BAG RED WHITE SPOTTY + JUMBO SHOPPER VINTAGE RED PAISLEY,0.012365355023081996,0.27915632754342434,8.78051605182394
JUMBO BAG STRAWBERRY + JUMBO BAG PINK VINTAGE PAISLEY,JUMBO BAG RED WHITE SPOTTY,0.011238733787645637,0.7051724137931035,6.483737868306878
JUMBO BAG STRAWBERRY + JUMBO BAG RED WHITE SPOTTY,JUMBO BAG PINK VINTAGE PAISLEY,0.011238733787645637,0.3454391891891892,7.798525417477031
JUMBO BAG PINK VINTAGE PAISLEY + JUMBO BAG RED WHITE SPOTTY,JUMBO BAG STRAWBERRY,0.011238733787645637,0.44994499449944997,8.952650759881893
JUMBO BAG STRAWBERRY,JUMBO BAG PINK VINTAGE PAISLEY + JUMBO BAG RED WHITE SPOTTY,0.011238733787645637,0.22361946418808093,8.952650759881893
JUMBO BAG PINK VINTAGE PAISLEY,JUMBO BAG STRAWBERRY + JUMBO BAG RED WHITE SPOTTY,0.011238733787645637,0.2537220843672457,7.798525417477031
JUMBO STORAGE BAG SKULLS + JUMBO STORAGE BAG SUKI,JUMBO BAG RED WHITE SPOTTY,0.012255440756210156,0.6482558139534883,5.960415760837631
JUMBO STORAGE BAG SKULLS + JUMBO BAG RED WHITE SPOTTY,JUMBO STORAGE BAG SUKI,0.012255440756210156,0.6160220994475138,9.638123922224388
JUMBO STORAGE BAG SUKI + JUMBO BAG RED WHITE SPOTTY,JUMBO STORAGE BAG SKULLS,0.012255440756210156,0.3368580060422961,9.308228212521822
JUMBO STORAGE BAG SKULLS,JUMBO STORAGE BAG SUKI + JUMBO BAG RED WHITE SPOTTY,0.012255440756210156,0.33864844343204253,9.308228212521822
JUMBO STORAGE BAG SKULLS + JUMBO BAG PINK WITH WHITE SPOTS,JUMBO BAG RED WHITE SPOTTY,0.011623433721697076,0.7206132879045996,6.625709644624605
JUMBO STORAGE BAG SKULLS + JUMBO BAG RED WHITE SPOTTY,JUMBO BAG PINK WITH WHITE SPOTS,0.011623433721697076,0.5842541436464088,9.487807583926868
JUMBO BAG PINK WITH WHITE SPOTS + JUMBO BAG RED WHITE SPOTTY,JUMBO STORAGE BAG SKULLS,0.011623433721697076,0.2966339410939691,8.196736814192652
JUMBO STORAGE BAG SKULLS,JUMBO BAG PINK WITH WHITE SPOTS + JUMBO BAG RED WHITE SPOTTY,0.011623433721697076,0.3211845102505695,8.196736814192654
LUNCHBAG SUKI DESIGN + JUMBO STORAGE BAG SUKI,JUMBO BAG RED WHITE SPOTTY,0.011293690921081557,0.5676795580110497,5.219553935103113
LUNCHBAG SUKI DESIGN + JUMBO BAG RED WHITE SPOTTY,JUMBO STORAGE BAG SUKI,0.011293690921081557,0.5509383378016086,8.61984006417719
JUMBO STORAGE BAG SUKI + JUMBO BAG RED WHITE SPOTTY,LUNCHBAG SUKI DESIGN,0.011293690921081557,0.3104229607250756,4.7129380002949315
JUMBO STORAGE BAG SUKI + JUMBO BAG SPACEBOY DESIGN,JUMBO BAG RED WHITE SPOTTY,0.011843262255440756,0.6918138041733547,6.360911561767742
JUMBO STORAGE BAG SUKI + JUMBO BAG RED WHITE SPOTTY,JUMBO BAG SPACEBOY DESIGN,0.011843262255440756,0.3255287009063444,9.50011265708395
JUMBO BAG SPACEBOY DESIGN + JUMBO BAG RED WHITE SPOTTY,JUMBO STORAGE BAG SUKI,0.011843262255440756,0.5887978142076503,9.212179731145662
JUMBO BAG SPACEBOY DESIGN,JUMBO STORAGE BAG SUKI + JUMBO BAG RED WHITE SPOTTY,0.011843262255440756,0.3456295108259823,9.50011265708395
JUMBO BAG PINK WITH WHITE SPOTS + JUMBO STORAGE BAG SUKI,JUMBO SHOPPER VINTAGE RED PAISLEY,0.014178940426467355,0.5733333333333334,9.527281582952817
JUMBO BAG PINK WITH WHITE SPOTS + JUMBO SHOPPER VINTAGE RED PAISLEY,JUMBO STORAGE BAG SUKI,0.014178940426467355,0.6120996441281138,9.576754191362992
JUMBO STORAGE BAG SUKI + JUMBO SHOPPER VINTAGE RED PAISLEY,JUMBO BAG PINK WITH WHITE SPOTS,0.014178940426467355,0.5752508361204014,9.341601261978424
JUMBO BAG PINK WITH WHITE SPOTS,JUMBO STORAGE BAG SUKI + JUMBO SHOPPER VINTAGE RED PAISLEY,0.014178940426467355,0.23025435073627845,9.341601261978424
JUMBO STORAGE BAG SUKI,JUMBO BAG PINK WITH WHITE SPOTS + JUMBO SHOPPER VINTAGE RED PAISLEY,0.014178940426467355,0.22184006878761825,9.576754191362992
JUMBO SHOPPER VINTAGE RED PAISLEY,JUMBO BAG PINK WITH WHITE SPOTS + JUMBO STORAGE BAG SUKI,0.014178940426467355,0.2356164383561644,9.527281582952815
JUMBO BAG PINK WITH WHITE SPOTS + JUMBO STORAGE BAG SUKI,JUMBO BAG RED WHITE SPOTTY,0.018630468234776876,0.7533333333333334,6.926555499410477
JUMBO BAG PINK WITH WHITE SPOTS + JUMBO BAG RED WHITE SPOTTY,JUMBO STORAGE BAG SUKI,0.018630468234776876,0.47545582047685836,7.438859939292274
JUMBO STORAGE BAG SUKI + JUMBO BAG RED WHITE SPOTTY,JUMBO BAG PINK WITH WHITE SPOTS,0.018630468234776876,0.5120845921450152,8.315833323222398
JUMBO BAG PINK WITH WHITE SPOTS,JUMBO STORAGE BAG SUKI + JUMBO BAG RED WHITE SPOTTY,0.018630468234776876,0.3025435073627845,8.315833323222398
JUMBO STORAGE BAG SUKI,JUMBO BAG PINK WITH WHITE SPOTS + JUMBO BAG RED WHITE SPOTTY,0.018630468234776876,0.2914875322441961,7.438859939292275
JUMBO BAG PINK WITH WHITE SPOTS + JUMBO STORAGE BAG SUKI,JUMBO BAG BAROQUE BLACK WHITE,0.011101340954055837,0.4488888888888889,8.796965236642135
JUMBO BAG PINK WITH WHITE SPOTS + JUMBO BAG BAROQUE BLACK WHITE,JUMBO STORAGE BAG SUKI,0.011101340954055837,0.5642458100558659,8.828045365242078
JUMBO STORAGE BAG SUKI + JUMBO BAG BAROQUE BLACK WHITE,JUMBO BAG PINK WITH WHITE SPOTS,0.011101340954055837,0.5159642401021711,8.378835620614998
JUMBO BAG BAROQUE BLACK WHITE,JUMBO BAG PINK WITH WHITE SPOTS + JUMBO STORAGE BAG SUKI,0.011101340954055837,0.21755519655358108,8.796965236642135
JUMBO BAG PINK WITH WHITE SPOTS + JUMBO STORAGE BAG SUKI,JUMBO BAG STRAWBERRY,0.010634205319850517,0.43,8.55580098414434
JUMBO BAG PINK WITH WHITE SPOTS + JUMBO BAG STRAWBERRY,JUMBO STORAGE BAG SUKI,0.010634205319850517,0.5098814229249012,7.977474094188739
JUMBO BAG STRAWBERRY + JUMBO STORAGE BAG SUKI,JUMBO BAG PINK WITH WHITE SPOTS,0.010634205319850517,0.5279672578444747,8.573754773527945
JUMBO BAG STRAWBERRY,JUMBO BAG PINK WITH WHITE SPOTS + JUMBO STORAGE BAG SUKI,0.010634205319850517,0.21159103335155824,8.55580098414434
JUMBO STORAGE BAG SUKI + JUMBO SHOPPER VINTAGE RED PAISLEY,JUMBO BAG RED WHITE SPOTTY,0.017119147065289074,0.6945373467112598,6.385953289923235
JUMBO BAG RED WHITE SPOTTY + JUMBO SHOPPER VINTAGE RED PAISLEY,JUMBO STORAGE BAG SUKI,0.017119147065289074,0.5384615384615384,8.42463125868113
JUMBO STORAGE BAG SUKI + JUMBO BAG RED WHITE SPOTTY,JUMBO SHOPPER VINTAGE RED PAISLEY,0.017119147065289074,0.4705438066465257,7.819191877388294
JUMBO SHOPPER VINTAGE RED PAISLEY,JUMBO STORAGE BAG SUKI + JUMBO BAG RED WHITE SPOTTY,0.017119147065289074,0.2844748858447489,7.8191918773882945
JUMBO STORAGE BAG SUKI,JUMBO BAG RED WHITE SPOTTY + JUMBO SHOPPER VINTAGE RED PAISLEY,0.017119147065289074,0.26784178847807394,8.42463125868113
JUMBO STORAGE BAG SUKI + JUMBO SHOPPER VINTAGE RED PAISLEY,JUMBO BAG BAROQUE BLACK WHITE,0.011403605187953397,0.4626532887402453,9.06670893044427
JUMBO BAG BAROQUE BLACK WHITE + JUMBO SHOPPER VINTAGE RED PAISLEY,JUMBO STORAGE BAG SUKI,0.011403605187953397,0.5804195804195804,9.081096032084854
JUMBO STORAGE BAG SUKI + JUMBO BAG BAROQUE BLACK WHITE,JUMBO SHOPPER VINTAGE RED PAISLEY,0.011403605187953397,0.5300127713920817,8.807408573744583
JUMBO BAG BAROQUE BLACK WHITE,JUMBO STORAGE BAG SUKI + JUMBO SHOPPER VINTAGE RED PAISLEY,0.011403605187953397,0.22347872913301023,9.066708930444268
JUMBO STORAGE BAG SUKI + JUMBO BAG RED WHITE SPOTTY,JUMBO BAG BAROQUE BLACK WHITE,0.015525390195647396,0.42673716012084595,8.362853382400553
JUMBO STORAGE BAG SUKI + JUMBO BAG BAROQUE BLACK WHITE,JUMBO BAG RED WHITE SPOTTY,0.015525390195647396,0.7215836526181354,6.634631704416165
JUMBO BAG BAROQUE BLACK WHITE + JUMBO BAG RED WHITE SPOTTY,JUMBO STORAGE BAG SUKI,0.015525390195647396,0.5108499095840868,7.9926267882992645
JUMBO STORAGE BAG SUKI,JUMBO BAG BAROQUE BLACK WHITE + JUMBO BAG RED WHITE SPOTTY,0.015525390195647396,0.2429062768701634,7.9926267882992645
JUMBO BAG BAROQUE BLACK WHITE,JUMBO STORAGE BAG SUKI + JUMBO BAG RED WHITE SPOTTY,0.015525390195647396,0.3042541733979537,8.362853382400552
JUMBO BAG STRAWBERRY + JUMBO STORAGE BAG SUKI,JUMBO BAG RED WHITE SPOTTY,0.015058254561442075,0.747612551159618,6.873955523446392
JUMBO BAG STRAWBERRY + JUMBO BAG RED WHITE SPOTTY,JUMBO STORAGE BAG SUKI,0.015058254561442075,0.46283783783783783,7.241442216076782
JUMBO STORAGE BAG SUKI + JUMBO BAG RED WHITE SPOTTY,JUMBO BAG STRAWBERRY,0.015058254561442075,0.41389728096676737,8.235401776349152
JUMBO BAG STRAWBERRY,JUMBO STORAGE BAG SUKI + JUMBO BAG RED WHITE SPOTTY,0.015058254561442075,0.2996172772006561,8.235401776349153
JUMBO STORAGE BAG SUKI,JUMBO BAG STRAWBERRY + JUMBO BAG RED WHITE SPOTTY,0.015058254561442075,0.235597592433362,7.241442216076782
DOTCOM POSTAGE + JUMBO STORAGE BAG SUKI,JUMBO BAG RED WHITE SPOTTY,0.010936469553748076,0.7056737588652482,6.48834750697931
DOTCOM POSTAGE + JUMBO BAG RED WHITE SPOTTY,JUMBO STORAGE BAG SUKI,0.010936469553748076,0.5693848354792561,8.908449240224028
JUMBO STORAGE BAG SUKI + JUMBO BAG RED WHITE SPOTTY,DOTCOM POSTAGE,0.010936469553748076,0.30060422960725075,7.731158391425491
DOTCOM POSTAGE,JUMBO STORAGE BAG SUKI + JUMBO BAG RED WHITE SPOTTY,0.010936469553748076,0.2812720848056537,7.731158391425491
PACK OF 60 DINOSAUR CAKE CASES + PACK OF 60 PINK PAISLEY CAKE CASES,60 TEATIME FAIRY CAKE CASES,0.010524291052978677,0.6524701873935264,11.168718278280908
PACK OF 60 DINOSAUR CAKE CASES + 60 TEATIME FAIRY CAKE CASES,PACK OF 60 PINK PAISLEY CAKE CASES,0.010524291052978677,0.5690936106983655,10.396814598662107
PACK OF 60 PINK PAISLEY CAKE CASES + 60 TEATIME FAIRY CAKE CASES,PACK OF 60 DINOSAUR CAKE CASES,0.010524291052978677,0.4136069114470843,11.560662612428795
PACK OF 60 DINOSAUR CAKE CASES,PACK OF 60 PINK PAISLEY CAKE CASES + 60 TEATIME FAIRY CAKE CASES,0.010524291052978677,0.2941628264208909,11.560662612428793
PACK OF 60 PINK PAISLEY CAKE CASES + 60 TEATIME FAIRY CAKE CASES,72 SWEETHEART FAIRY CAKE CASES,0.011925697955594635,0.468682505399568,11.69040009355797
PACK OF 60 PINK PAISLEY CAKE CASES + 72 SWEETHEART FAIRY CAKE CASES,60 TEATIME FAIRY CAKE CASES,0.011925697955594635,0.6813186813186813,11.662535019073118
60 TEATIME FAIRY CAKE CASES + 72 SWEETHEART FAIRY CAKE CASES,PACK OF 60 PINK PAISLEY CAKE CASES,0.011925697955594635,0.592896174863388,10.83166545965282
PACK OF 60 PINK PAISLEY CAKE CASES,60 TEATIME FAIRY CAKE CASES + 72 SWEETHEART FAIRY CAKE CASES,0.011925697955594635,0.2178714859437751,10.83166545965282
60 TEATIME FAIRY CAKE CASES,PACK OF 60 PINK PAISLEY CAKE CASES + 72 SWEETHEART FAIRY CAKE CASES,0.011925697955594635,0.20413922859830666,11.662535019073118
72 SWEETHEART FAIRY CAKE CASES,PACK OF 60 PINK PAISLEY CAKE CASES + 60 TEATIME FAIRY CAKE CASES,0.011925697955594635,0.297464016449623,11.69040009355797
JUMBO BAG PINK WITH WHITE SPOTS + RECYCLING BAG RETROSPOT,JUMBO BAG RED WHITE SPOTTY,0.010716641020004396,0.78,7.171743304699343
JUMBO BAG PINK WITH WHITE SPOTS + JUMBO BAG RED WHITE SPOTTY,RECYCLING BAG RETROSPOT,0.010716641020004396,0.273492286115007,6.351583456475645
RECYCLING BAG RETROSPOT + JUMBO BAG RED WHITE SPOTTY,JUMBO BAG PINK WITH WHITE SPOTS,0.010716641020004396,0.5118110236220472,8.311390795026124
RECYCLING BAG RETROSPOT,JUMBO BAG PINK WITH WHITE SPOTS + JUMBO BAG RED WHITE SPOTTY,0.010716641020004396,0.2488832163369496,6.351583456475645
LUNCHBAG SPACEBOY DESIGN + LUNCHBAG PINK RETROSPOT,LUNCHBAG SUKI DESIGN,0.013107276324466916,0.5665083135391924,8.600905526207045
LUNCHBAG SPACEBOY DESIGN + LUNCHBAG SUKI DESIGN,LUNCHBAG PINK RETROSPOT,0.013107276324466916,0.4653658536585366,8.060730198163476
LUNCHBAG SUKI DESIGN + LUNCHBAG PINK RETROSPOT,LUNCHBAG SPACEBOY DESIGN,0.013107276324466916,0.5207423580786027,8.802069621549704
LUNCHBAG SPACEBOY DESIGN,LUNCHBAG SUKI DESIGN + LUNCHBAG PINK RETROSPOT,0.013107276324466916,0.2215513237343242,8.802069621549702
LUNCHBAG PINK RETROSPOT,LUNCHBAG SPACEBOY DESIGN + LUNCHBAG SUKI DESIGN,0.013107276324466916,0.2270347453593527,8.060730198163476
JUMBO BAG PINK WITH WHITE SPOTS + LUNCHBAG PINK RETROSPOT,JUMBO BAG RED WHITE SPOTTY,0.011348648054517477,0.6704545454545454,6.164522945472919
JUMBO BAG PINK WITH WHITE SPOTS + JUMBO BAG RED WHITE SPOTTY,LUNCHBAG PINK RETROSPOT,0.011348648054517477,0.28962131837307153,5.016610670267881
LUNCHBAG PINK RETROSPOT + JUMBO BAG RED WHITE SPOTTY,JUMBO BAG PINK WITH WHITE SPOTS,0.011348648054517477,0.6064610866372981,9.84843010482131
JUMBO BAG PINK WITH WHITE SPOTS + JUMBO BAG SPACEBOY DESIGN,JUMBO BAG RED WHITE SPOTTY,0.012420312156517916,0.7255216693418941,6.6708399673295125
JUMBO BAG PINK WITH WHITE SPOTS + JUMBO BAG RED WHITE SPOTTY,JUMBO BAG SPACEBOY DESIGN,0.012420312156517916,0.3169705469845722,9.250354567652407
JUMBO BAG SPACEBOY DESIGN + JUMBO BAG RED WHITE SPOTTY,JUMBO BAG PINK WITH WHITE SPOTS,0.012420312156517916,0.6174863387978142,10.027471147492216
JUMBO BAG PINK WITH WHITE SPOTS,JUMBO BAG SPACEBOY DESIGN + JUMBO BAG RED WHITE SPOTTY,0.012420312156517916,0.20169567157518964,10.027471147492216
JUMBO BAG SPACEBOY DESIGN,JUMBO BAG PINK WITH WHITE SPOTS + JUMBO BAG RED WHITE SPOTTY,0.012420312156517916,0.3624699278267843,9.250354567652407
JUMBO BAG PINK WITH WHITE SPOTS + JUMBO SHOPPER VINTAGE RED PAISLEY,JUMBO BAG RED WHITE SPOTTY,0.017146625632007036,0.7402135231316725,6.805924844317288
JUMBO BAG PINK WITH WHITE SPOTS + JUMBO BAG RED WHITE SPOTTY,JUMBO SHOPPER VINTAGE RED PAISLEY,0.017146625632007036,0.4375876577840112,7.271547964418144
JUMBO BAG RED WHITE SPOTTY + JUMBO SHOPPER VINTAGE RED PAISLEY,JUMBO BAG PINK WITH WHITE SPOTS,0.017146625632007036,0.5393258426966292,8.758208865424244
JUMBO BAG PINK WITH WHITE SPOTS,JUMBO BAG RED WHITE SPOTTY + JUMBO SHOPPER VINTAGE RED PAISLEY,0.017146625632007036,0.2784471218206158,8.758208865424244
JUMBO SHOPPER VINTAGE RED PAISLEY,JUMBO BAG PINK WITH WHITE SPOTS + JUMBO BAG RED WHITE SPOTTY,0.017146625632007036,0.2849315068493151,7.271547964418145
JUMBO BAG PINK WITH WHITE SPOTS + JUMBO SHOPPER VINTAGE RED PAISLEY,JUMBO BAG BAROQUE BLACK WHITE,0.010963948120466036,0.4733096085409252,9.275542958546769
JUMBO BAG PINK WITH WHITE SPOTS + JUMBO BAG BAROQUE BLACK WHITE,JUMBO SHOPPER VINTAGE RED PAISLEY,0.010963948120466036,0.5572625698324022,9.260228055406749
JUMBO BAG BAROQUE BLACK WHITE + JUMBO SHOPPER VINTAGE RED PAISLEY,JUMBO BAG PINK WITH WHITE SPOTS,0.010963948120466036,0.558041958041958,9.062143211540802
JUMBO BAG BAROQUE BLACK WHITE,JUMBO BAG PINK WITH WHITE SPOTS + JUMBO SHOPPER VINTAGE RED PAISLEY,0.010963948120466036,0.2148626817447496,9.275542958546769
JUMBO BAG PINK WITH WHITE SPOTS + JUMBO BAG RED WHITE SPOTTY,JUMBO BAG BAROQUE BLACK WHITE,0.015058254561442075,0.38429172510518933,7.531041712454524
JUMBO BAG PINK WITH WHITE SPOTS + JUMBO BAG BAROQUE BLACK WHITE,JUMBO BAG RED WHITE SPOTTY,0.015058254561442075,0.7653631284916201,7.037163964645538
JUMBO BAG BAROQUE BLACK WHITE + JUMBO BAG RED WHITE SPOTTY,JUMBO BAG PINK WITH WHITE SPOTS,0.015058254561442075,0.49547920433996384,8.046175459321715
JUMBO BAG PINK WITH WHITE SPOTS,JUMBO BAG BAROQUE BLACK WHITE + JUMBO BAG RED WHITE SPOTTY,0.015058254561442075,0.24453369031682284,8.046175459321715
JUMBO BAG BAROQUE BLACK WHITE,JUMBO BAG PINK WITH WHITE SPOTS + JUMBO BAG RED WHITE SPOTTY,0.015058254561442075,0.29509962304792675,7.531041712454523
JUMBO BAG STRAWBERRY + JUMBO BAG PINK WITH WHITE SPOTS,JUMBO BAG RED WHITE SPOTTY,0.015937568696416795,0.764163372859025,7.026132760254077
JUMBO BAG STRAWBERRY + JUMBO BAG RED WHITE SPOTTY,JUMBO BAG PINK WITH WHITE SPOTS,0.015937568696416795,0.48986486486486486,7.955003195967051
JUMBO BAG PINK WITH WHITE SPOTS + JUMBO BAG RED WHITE SPOTTY,JUMBO BAG STRAWBERRY,0.015937568696416795,0.4067321178120617,8.092835008975698
JUMBO BAG STRAWBERRY,JUMBO BAG PINK WITH WHITE SPOTS + JUMBO BAG RED WHITE SPOTTY,0.015937568696416795,0.31711317659923455,8.092835008975696
JUMBO BAG PINK WITH WHITE SPOTS,JUMBO BAG STRAWBERRY + JUMBO BAG RED WHITE SPOTTY,0.015937568696416795,0.25881302989736726,7.955003195967052
JUMBO BAG RED WHITE SPOTTY + JUMBO SHOPPER VINTAGE RED PAISLEY,JUMBO BAG BAROQUE BLACK WHITE,0.013684326225544075,0.43042350907519444,8.435095499334667
JUMBO BAG BAROQUE BLACK WHITE + JUMBO SHOPPER VINTAGE RED PAISLEY,JUMBO BAG RED WHITE SPOTTY,0.013684326225544075,0.6965034965034964,6.404031138139272
JUMBO BAG BAROQUE BLACK WHITE + JUMBO BAG RED WHITE SPOTTY,JUMBO SHOPPER VINTAGE RED PAISLEY,0.013684326225544075,0.45027124773960214,7.482315638237261
JUMBO SHOPPER VINTAGE RED PAISLEY,JUMBO BAG BAROQUE BLACK WHITE + JUMBO BAG RED WHITE SPOTTY,0.013684326225544075,0.2273972602739726,7.482315638237262
JUMBO BAG BAROQUE BLACK WHITE,JUMBO BAG RED WHITE SPOTTY + JUMBO SHOPPER VINTAGE RED PAISLEY,0.013684326225544075,0.2681744749596123,8.435095499334667
JUMBO BAG STRAWBERRY + JUMBO SHOPPER VINTAGE RED PAISLEY,JUMBO BAG RED WHITE SPOTTY,0.010799076720158276,0.7093862815884476,6.522482455676298
JUMBO BAG STRAWBERRY + JUMBO BAG RED WHITE SPOTTY,JUMBO SHOPPER VINTAGE RED PAISLEY,0.010799076720158276,0.33192567567567566,5.515725657164014
JUMBO BAG RED WHITE SPOTTY + JUMBO SHOPPER VINTAGE RED PAISLEY,JUMBO BAG STRAWBERRY,0.010799076720158276,0.3396715643906655,6.75851698813838
JUMBO BAG STRAWBERRY,JUMBO BAG RED WHITE SPOTTY + JUMBO SHOPPER VINTAGE RED PAISLEY,0.010799076720158276,0.2148715144887917,6.758516988138381
PINK REGENCY TEACUP AND SAUCER + GREEN REGENCY TEACUP AND SAUCER,REGENCY CAKESTAND 3 TIER,0.013601890525390195,0.5729166666666666,5.397251704202261
PINK REGENCY TEACUP AND SAUCER + REGENCY CAKESTAND 3 TIER,GREEN REGENCY TEACUP AND SAUCER,0.013601890525390195,0.8935018050541516,24.050530835451692
GREEN REGENCY TEACUP AND SAUCER + REGENCY CAKESTAND 3 TIER,PINK REGENCY TEACUP AND SAUCER,0.013601890525390195,0.6865464632454923,24.30427907629373
PINK REGENCY TEACUP AND SAUCER,GREEN REGENCY TEACUP AND SAUCER + REGENCY CAKESTAND 3 TIER,0.013601890525390195,0.4815175097276264,24.30427907629373
GREEN REGENCY TEACUP AND SAUCER,PINK REGENCY TEACUP AND SAUCER + REGENCY CAKESTAND 3 TIER,0.013601890525390195,0.3661242603550296,24.050530835451692
GREEN REGENCY TEACUP AND SAUCER + REGENCY CAKESTAND 3 TIER,ROSES REGENCY TEACUP AND SAUCER,0.015882611562980875,0.8016643550624133,20.54518958410658
GREEN REGENCY TEACUP AND SAUCER + ROSES REGENCY TEACUP AND SAUCER,REGENCY CAKESTAND 3 TIER,0.015882611562980875,0.5589941972920697,5.266092888390629
ROSES REGENCY TEACUP AND SAUCER + REGENCY CAKESTAND 3 TIER,GREEN REGENCY TEACUP AND SAUCER,0.015882611562980875,0.7768817204301075,20.911449386015143
GREEN REGENCY TEACUP AND SAUCER,ROSES REGENCY TEACUP AND SAUCER + REGENCY CAKESTAND 3 TIER,0.015882611562980875,0.4275147928994083,20.911449386015143
ROSES REGENCY TEACUP AND SAUCER,GREEN REGENCY TEACUP AND SAUCER + REGENCY CAKESTAND 3 TIER,0.015882611562980875,0.4070422535211268,20.54518958410658
PINK REGENCY TEACUP AND SAUCER + ROSES REGENCY TEACUP AND SAUCER,REGENCY CAKESTAND 3 TIER,0.012887447790723237,0.5775862068965517,5.44124184348416
PINK REGENCY TEACUP AND SAUCER + REGENCY CAKESTAND 3 TIER,ROSES REGENCY TEACUP AND SAUCER,0.012887447790723237,0.8465703971119134,21.696049219504754
ROSES REGENCY TEACUP AND SAUCER + REGENCY CAKESTAND 3 TIER,PINK REGENCY TEACUP AND SAUCER,0.012887447790723237,0.6303763440860215,22.315813145893475
PINK REGENCY TEACUP AND SAUCER,ROSES REGENCY TEACUP AND SAUCER + REGENCY CAKESTAND 3 TIER,0.012887447790723237,0.4562256809338522,22.31581314589348
ROSES REGENCY TEACUP AND SAUCER,PINK REGENCY TEACUP AND SAUCER + REGENCY CAKESTAND 3 TIER,0.012887447790723237,0.3302816901408451,21.696049219504754
WHITE HANGING HEART T-LIGHT HOLDER + HEART OF WICKER LARGE,HEART OF WICKER SMALL,0.011348648054517477,0.5528781793842035,9.397637881433878
WHITE HANGING HEART T-LIGHT HOLDER + HEART OF WICKER SMALL,HEART OF WICKER LARGE,0.011348648054517477,0.5506666666666666,10.292686868686868
HEART OF WICKER LARGE + HEART OF WICKER SMALL,WHITE HANGING HEART T-LIGHT HOLDER,0.011348648054517477,0.4125874125874126,2.8265965961749098
HEART OF WICKER LARGE,WHITE HANGING HEART T-LIGHT HOLDER + HEART OF WICKER SMALL,0.011348648054517477,0.21212121212121213,10.292686868686868
PINK REGENCY TEACUP AND SAUCER + GREEN REGENCY TEACUP AND SAUCER,ROSES REGENCY TEACUP AND SAUCER,0.020196746537700594,0.8506944444444445,21.80174100156495
PINK REGENCY TEACUP AND SAUCER + ROSES REGENCY TEACUP AND SAUCER,GREEN REGENCY TEACUP AND SAUCER,0.020196746537700594,0.9051724137931034,24.36467047541318
GREEN REGENCY TEACUP AND SAUCER + ROSES REGENCY TEACUP AND SAUCER,PINK REGENCY TEACUP AND SAUCER,0.020196746537700594,0.7108317214700194,25.163996116475627
PINK REGENCY TEACUP AND SAUCER,GREEN REGENCY TEACUP AND SAUCER + ROSES REGENCY TEACUP AND SAUCER,0.020196746537700594,0.7149805447470817,25.163996116475627
GREEN REGENCY TEACUP AND SAUCER,PINK REGENCY TEACUP AND SAUCER + ROSES REGENCY TEACUP AND SAUCER,0.020196746537700594,0.543639053254438,24.364670475413185
ROSES REGENCY TEACUP AND SAUCER,PINK REGENCY TEACUP AND SAUCER + GREEN REGENCY TEACUP AND SAUCER,0.020196746537700594,0.5176056338028169,21.801741001564945
ALARM CLOCK BAKELIKE RED + ALARM CLOCK BAKELIKE PINK,ALARM CLOCK BAKELIKE GREEN,0.010991426687183996,0.6734006734006733,19.35734384391572
ALARM CLOCK BAKELIKE PINK + ALARM CLOCK BAKELIKE GREEN,ALARM CLOCK BAKELIKE RED,0.010991426687183996,0.7504690431519699,20.05218018971108
ALARM CLOCK BAKELIKE RED + ALARM CLOCK BAKELIKE GREEN,ALARM CLOCK BAKELIKE PINK,0.010991426687183996,0.47846889952153104,17.988058048954088
ALARM CLOCK BAKELIKE PINK,ALARM CLOCK BAKELIKE RED + ALARM CLOCK BAKELIKE GREEN,0.010991426687183996,0.4132231404958677,17.988058048954088
ALARM CLOCK BAKELIKE RED,ALARM CLOCK BAKELIKE PINK + ALARM CLOCK BAKELIKE GREEN,0.010991426687183996,0.2936857562408223,20.05218018971108
ALARM CLOCK BAKELIKE GREEN,ALARM CLOCK BAKELIKE RED + ALARM CLOCK BAKELIKE PINK,0.010991426687183996,0.315955766192733,19.357343843915725
POPPY'S PLAYHOUSE LIVINGROOM + POPPY'S PLAYHOUSE KITCHEN,POPPY'S PLAYHOUSE BEDROOM,0.011238733787645637,0.8628691983122363,44.6679030796286
POPPY'S PLAYHOUSE LIVINGROOM + POPPY'S PLAYHOUSE BEDROOM,POPPY'S PLAYHOUSE KITCHEN,0.011238733787645637,0.8872017353579177,43.513538481327956
POPPY'S PLAYHOUSE KITCHEN + POPPY'S PLAYHOUSE BEDROOM,POPPY'S PLAYHOUSE LIVINGROOM,0.011238733787645637,0.7342908438061042,47.37998650317685
POPPY'S PLAYHOUSE LIVINGROOM,POPPY'S PLAYHOUSE KITCHEN + POPPY'S PLAYHOUSE BEDROOM,0.011238733787645637,0.7251773049645391,47.37998650317686
POPPY'S PLAYHOUSE KITCHEN,POPPY'S PLAYHOUSE LIVINGROOM + POPPY'S PLAYHOUSE BEDROOM,0.011238733787645637,0.551212938005391,43.513538481327956
POPPY'S PLAYHOUSE BEDROOM,POPPY'S PLAYHOUSE LIVINGROOM + POPPY'S PLAYHOUSE KITCHEN,0.011238733787645637,0.5817923186344239,44.667903079628594
HAND WARMER OWL DESIGN + HAND WARMER SCOTTY DOG DESIGN,HAND WARMER BIRD DESIGN,0.010854033853594196,0.608628659476117,21.01443470175982
HAND WARMER OWL DESIGN + HAND WARMER BIRD DESIGN,HAND WARMER SCOTTY DOG DESIGN,0.010854033853594196,0.6340288924558587,21.34466184482295
HAND WARMER SCOTTY DOG DESIGN + HAND WARMER BIRD DESIGN,HAND WARMER OWL DESIGN,0.010854033853594196,0.7117117117117117,21.38778911033246
HAND WARMER OWL DESIGN,HAND WARMER SCOTTY DOG DESIGN + HAND WARMER BIRD DESIGN,0.010854033853594196,0.3261767134599504,21.38778911033246
HAND WARMER SCOTTY DOG DESIGN,HAND WARMER OWL DESIGN + HAND WARMER BIRD DESIGN,0.010854033853594196,0.3654024051803885,21.34466184482295
HAND WARMER BIRD DESIGN,HAND WARMER OWL DESIGN + HAND WARMER SCOTTY DOG DESIGN,0.010854033853594196,0.3747628083491461,21.01443470175982
WOODEN FRAME ANTIQUE WHITE + WOODEN PICTURE FRAME WHITE FINISH,WOOD 2 DRAWER CABINET WHITE FINISH,0.010084633985491316,0.3404452690166975,11.062039491121123
WOODEN FRAME ANTIQUE WHITE + WOOD 2 DRAWER CABINET WHITE FINISH,WOODEN PICTURE FRAME WHITE FINISH,0.010084633985491316,0.7661795407098121,13.948377111311396
WOODEN PICTURE FRAME WHITE FINISH + WOOD 2 DRAWER CABINET WHITE FINISH,WOODEN FRAME ANTIQUE WHITE,0.010084633985491316,0.7677824267782426,14.190522130682481
WOOD 2 DRAWER CABINET WHITE FINISH,WOODEN FRAME ANTIQUE WHITE + WOODEN PICTURE FRAME WHITE FINISH,0.010084633985491316,0.32767857142857143,11.062039491121123
WHITE HANGING HEART T-LIGHT HOLDER + WOODEN PICTURE FRAME WHITE FINISH,WOODEN FRAME ANTIQUE WHITE,0.013409540558364475,0.6138364779874214,11.345219455011803
WHITE HANGING HEART T-LIGHT HOLDER + WOODEN FRAME ANTIQUE WHITE,WOODEN PICTURE FRAME WHITE FINISH,0.013409540558364475,0.6084788029925188,11.07741900875625
WOODEN FRAME ANTIQUE WHITE + WOODEN PICTURE FRAME WHITE FINISH,WHITE HANGING HEART T-LIGHT HOLDER,0.013409540558364475,0.4526901669758812,3.101336701164584
WOODEN PICTURE FRAME WHITE FINISH,WHITE HANGING HEART T-LIGHT HOLDER + WOODEN FRAME ANTIQUE WHITE,0.013409540558364475,0.24412206103051526,11.07741900875625
WOODEN FRAME ANTIQUE WHITE,WHITE HANGING HEART T-LIGHT HOLDER + WOODEN PICTURE FRAME WHITE FINISH,0.013409540558364475,0.24784154393092941,11.345219455011803
PINK 3 PIECE MINI DOTS CUTLERY SET + BLUE 3 PIECE MINI DOTS CUTLERY SET,RED 3 PIECE MINI DOTS CUTLERY SET,0.010963948120466036,0.6129032258064515,21.931931360421224
PINK 3 PIECE MINI DOTS CUTLERY SET + RED 3 PIECE MINI DOTS CUTLERY SET,BLUE 3 PIECE MINI DOTS CUTLERY SET,0.010963948120466036,0.7430167597765363,28.5833677820166
BLUE 3 PIECE MINI DOTS CUTLERY SET + RED 3 PIECE MINI DOTS CUTLERY SET,PINK 3 PIECE MINI DOTS CUTLERY SET,0.010963948120466036,0.6963350785340314,23.355784495862185
PINK 3 PIECE MINI DOTS CUTLERY SET,BLUE 3 PIECE MINI DOTS CUTLERY SET + RED 3 PIECE MINI DOTS CUTLERY SET,0.010963948120466036,0.36774193548387096,23.35578449586219
BLUE 3 PIECE MINI DOTS CUTLERY SET,PINK 3 PIECE MINI DOTS CUTLERY SET + RED 3 PIECE MINI DOTS CUTLERY SET,0.010963948120466036,0.4217758985200845,28.5833677820166
RED 3 PIECE MINI DOTS CUTLERY SET,PINK 3 PIECE MINI DOTS CUTLERY SET + BLUE 3 PIECE MINI DOTS CUTLERY SET,0.010963948120466036,0.39233038348082594,21.931931360421224
JUMBO BAG STRAWBERRY + JUMBO BAG RED WHITE SPOTTY,JUMBO BAG BAROQUE BLACK WHITE,0.012997362057595076,0.39949324324324326,7.828948900435169
JUMBO BAG STRAWBERRY + JUMBO BAG BAROQUE BLACK WHITE,JUMBO BAG RED WHITE SPOTTY,0.012997362057595076,0.7592295345104334,6.980768372891281
JUMBO BAG BAROQUE BLACK WHITE + JUMBO BAG RED WHITE SPOTTY,JUMBO BAG STRAWBERRY,0.012997362057595076,0.42766726943942135,8.509386150595638
JUMBO BAG STRAWBERRY,JUMBO BAG BAROQUE BLACK WHITE + JUMBO BAG RED WHITE SPOTTY,0.012997362057595076,0.25861126298523784,8.509386150595638
JUMBO BAG BAROQUE BLACK WHITE,JUMBO BAG STRAWBERRY + JUMBO BAG RED WHITE SPOTTY,0.012997362057595076,0.25471190091545504,7.828948900435169
"CHARLOTTE BAG , SUKI DESIGN + WOODLAND CHARLOTTE BAG + RED SPOTTY CHARLOTTE BAG",STRAWBERRY CHARLOTTE BAG,0.011788305122004836,0.7102649006622517,18.743988589485614
"CHARLOTTE BAG , SUKI DESIGN + WOODLAND CHARLOTTE BAG + STRAWBERRY CHARLOTTE BAG",RED SPOTTY CHARLOTTE BAG,0.011788305122004836,0.8478260869565216,15.161713492148273
"CHARLOTTE BAG , SUKI DESIGN + RED SPOTTY CHARLOTTE BAG + STRAWBERRY CHARLOTTE BAG",WOODLAND CHARLOTTE BAG,0.011788305122004836,0.7422145328719723,17.18236086531604
WOODLAND CHARLOTTE BAG + RED SPOTTY CHARLOTTE BAG + STRAWBERRY CHARLOTTE BAG,"CHARLOTTE BAG , SUKI DESIGN",0.011788305122004836,0.7771739130434783,16.3013908031575
"CHARLOTTE BAG , SUKI DESIGN + WOODLAND CHARLOTTE BAG",RED SPOTTY CHARLOTTE BAG + STRAWBERRY CHARLOTTE BAG,0.011788305122004836,0.5119331742243437,20.792714370951245
"CHARLOTTE BAG , SUKI DESIGN + RED SPOTTY CHARLOTTE BAG",WOODLAND CHARLOTTE BAG + STRAWBERRY CHARLOTTE BAG,0.011788305122004836,0.44687499999999997,23.46706349206349
"CHARLOTTE BAG , SUKI DESIGN + STRAWBERRY CHARLOTTE BAG",WOODLAND CHARLOTTE BAG + RED SPOTTY CHARLOTTE BAG,0.011788305122004836,0.5789473684210527,22.75275662157554
WOODLAND CHARLOTTE BAG + RED SPOTTY CHARLOTTE BAG,"CHARLOTTE BAG , SUKI DESIGN + STRAWBERRY CHARLOTTE BAG",0.011788305122004836,0.4632829373650108,22.752756621575536
WOODLAND CHARLOTTE BAG + STRAWBERRY CHARLOTTE BAG,"CHARLOTTE BAG , SUKI DESIGN + RED SPOTTY CHARLOTTE BAG",0.011788305122004836,0.6190476190476191,23.46706349206349
RED SPOTTY CHARLOTTE BAG + STRAWBERRY CHARLOTTE BAG,"CHARLOTTE BAG , SUKI DESIGN + WOODLAND CHARLOTTE BAG",0.011788305122004836,0.47879464285714285,20.792714370951245
"CHARLOTTE BAG , SUKI DESIGN",WOODLAND CHARLOTTE BAG + RED SPOTTY CHARLOTTE BAG + STRAWBERRY CHARLOTTE BAG,0.011788305122004836,0.2472622478386167,16.3013908031575
WOODLAND CHARLOTTE BAG,"CHARLOTTE BAG , SUKI DESIGN + RED SPOTTY CHARLOTTE BAG + STRAWBERRY CHARLOTTE BAG",0.011788305122004836,0.2729007633587786,17.18236086531604
RED SPOTTY CHARLOTTE BAG,"CHARLOTTE BAG , SUKI DESIGN + WOODLAND CHARLOTTE BAG + STRAWBERRY CHARLOTTE BAG",0.011788305122004836,0.2108108108108108,15.161713492148273
STRAWBERRY CHARLOTTE BAG,"CHARLOTTE BAG , SUKI DESIGN + WOODLAND CHARLOTTE BAG + RED SPOTTY CHARLOTTE BAG",0.011788305122004836,0.3110949963741842,18.743988589485618
WOODLAND CHARLOTTE BAG + RED SPOTTY CHARLOTTE BAG + STRAWBERRY CHARLOTTE BAG,"CHARLOTTE BAG , PINK/WHITE SPOTS",0.011623433721697076,0.7663043478260869,17.605648880105402
"WOODLAND CHARLOTTE BAG + RED SPOTTY CHARLOTTE BAG + CHARLOTTE BAG , PINK/WHITE SPOTS",STRAWBERRY CHARLOTTE BAG,0.011623433721697076,0.6934426229508197,18.30004636289067
"WOODLAND CHARLOTTE BAG + STRAWBERRY CHARLOTTE BAG + CHARLOTTE BAG , PINK/WHITE SPOTS",RED SPOTTY CHARLOTTE BAG,0.011623433721697076,0.9038461538461537,16.16352296352296
"RED SPOTTY CHARLOTTE BAG + STRAWBERRY CHARLOTTE BAG + CHARLOTTE BAG , PINK/WHITE SPOTS",WOODLAND CHARLOTTE BAG,0.011623433721697076,0.6833602584814217,15.819876925353626
WOODLAND CHARLOTTE BAG + RED SPOTTY CHARLOTTE BAG,"STRAWBERRY CHARLOTTE BAG + CHARLOTTE BAG , PINK/WHITE SPOTS",0.011623433721697076,0.45680345572354214,22.64848959222227
WOODLAND CHARLOTTE BAG + STRAWBERRY CHARLOTTE BAG,"RED SPOTTY CHARLOTTE BAG + CHARLOTTE BAG , PINK/WHITE SPOTS",0.011623433721697076,0.6103896103896104,20.625161282542898
"WOODLAND CHARLOTTE BAG + CHARLOTTE BAG , PINK/WHITE SPOTS",RED SPOTTY CHARLOTTE BAG + STRAWBERRY CHARLOTTE BAG,0.011623433721697076,0.5536649214659686,22.48769399775617
RED SPOTTY CHARLOTTE BAG + STRAWBERRY CHARLOTTE BAG,"WOODLAND CHARLOTTE BAG + CHARLOTTE BAG , PINK/WHITE SPOTS",0.011623433721697076,0.47209821428571425,22.487693997756168
"RED SPOTTY CHARLOTTE BAG + CHARLOTTE BAG , PINK/WHITE SPOTS",WOODLAND CHARLOTTE BAG + STRAWBERRY CHARLOTTE BAG,0.011623433721697076,0.39275766016713093,20.625161282542898
"STRAWBERRY CHARLOTTE BAG + CHARLOTTE BAG , PINK/WHITE SPOTS",WOODLAND CHARLOTTE BAG + RED SPOTTY CHARLOTTE BAG,0.011623433721697076,0.5762942779291553,22.64848959222227
WOODLAND CHARLOTTE BAG,"RED SPOTTY CHARLOTTE BAG + STRAWBERRY CHARLOTTE BAG + CHARLOTTE BAG , PINK/WHITE SPOTS",0.011623433721697076,0.26908396946564883,15.819876925353622
RED SPOTTY CHARLOTTE BAG,"WOODLAND CHARLOTTE BAG + STRAWBERRY CHARLOTTE BAG + CHARLOTTE BAG , PINK/WHITE SPOTS",0.011623433721697076,0.20786240786240787,16.16352296352296
STRAWBERRY CHARLOTTE BAG,"WOODLAND CHARLOTTE BAG + RED SPOTTY CHARLOTTE BAG + CHARLOTTE BAG , PINK/WHITE SPOTS",0.011623433721697076,0.3067440174039159,18.30004636289067
"CHARLOTTE BAG , PINK/WHITE SPOTS",WOODLAND CHARLOTTE BAG + RED SPOTTY CHARLOTTE BAG + STRAWBERRY CHARLOTTE BAG,0.011623433721697076,0.26704545454545453,17.605648880105402
"CHARLOTTE BAG , SUKI DESIGN + WOODLAND CHARLOTTE BAG + STRAWBERRY CHARLOTTE BAG","CHARLOTTE BAG , PINK/WHITE SPOTS",0.010441855352824797,0.7509881422924901,17.253762925699686
"CHARLOTTE BAG , SUKI DESIGN + WOODLAND CHARLOTTE BAG + CHARLOTTE BAG , PINK/WHITE SPOTS",STRAWBERRY CHARLOTTE BAG,0.010441855352824797,0.7102803738317757,18.74439692856126
"CHARLOTTE BAG , SUKI DESIGN + STRAWBERRY CHARLOTTE BAG + CHARLOTTE BAG , PINK/WHITE SPOTS",WOODLAND CHARLOTTE BAG,0.010441855352824797,0.7584830339321357,17.558978734642672
"WOODLAND CHARLOTTE BAG + STRAWBERRY CHARLOTTE BAG + CHARLOTTE BAG , PINK/WHITE SPOTS","CHARLOTTE BAG , SUKI DESIGN",0.010441855352824797,0.811965811965812,17.031158402916326
"CHARLOTTE BAG , SUKI DESIGN + WOODLAND CHARLOTTE BAG","STRAWBERRY CHARLOTTE BAG + CHARLOTTE BAG , PINK/WHITE SPOTS",0.010441855352824797,0.4534606205250597,22.482750547885523
"CHARLOTTE BAG , SUKI DESIGN + STRAWBERRY CHARLOTTE BAG","WOODLAND CHARLOTTE BAG + CHARLOTTE BAG , PINK/WHITE SPOTS",0.010441855352824797,0.5128205128205129,24.427439924822128
"CHARLOTTE BAG , SUKI DESIGN + CHARLOTTE BAG , PINK/WHITE SPOTS",WOODLAND CHARLOTTE BAG + STRAWBERRY CHARLOTTE BAG,0.010441855352824797,0.45618247298919573,23.955833415617334
WOODLAND CHARLOTTE BAG + STRAWBERRY CHARLOTTE BAG,"CHARLOTTE BAG , SUKI DESIGN + CHARLOTTE BAG , PINK/WHITE SPOTS",0.010441855352824797,0.5483405483405484,23.95583341561733
"WOODLAND CHARLOTTE BAG + CHARLOTTE BAG , PINK/WHITE SPOTS","CHARLOTTE BAG , SUKI DESIGN + STRAWBERRY CHARLOTTE BAG",0.010441855352824797,0.4973821989528796,24.427439924822124
"STRAWBERRY CHARLOTTE BAG + CHARLOTTE BAG , PINK/WHITE SPOTS","CHARLOTTE BAG , SUKI DESIGN + WOODLAND CHARLOTTE BAG",0.010441855352824797,0.5177111716621254,22.482750547885523
"CHARLOTTE BAG , SUKI DESIGN","WOODLAND CHARLOTTE BAG + STRAWBERRY CHARLOTTE BAG + CHARLOTTE BAG , PINK/WHITE SPOTS",0.010441855352824797,0.21902017291066284,17.03115840291633
WOODLAND CHARLOTTE BAG,"CHARLOTTE BAG , SUKI DESIGN + STRAWBERRY CHARLOTTE BAG + CHARLOTTE BAG , PINK/WHITE SPOTS",0.010441855352824797,0.24173027989821885,17.558978734642675
STRAWBERRY CHARLOTTE BAG,"CHARLOTTE BAG , SUKI DESIGN + WOODLAND CHARLOTTE BAG + CHARLOTTE BAG , PINK/WHITE SPOTS",0.010441855352824797,0.27556200145032633,18.74439692856126
"CHARLOTTE BAG , PINK/WHITE SPOTS","CHARLOTTE BAG , SUKI DESIGN + WOODLAND CHARLOTTE BAG + STRAWBERRY CHARLOTTE BAG",0.010441855352824797,0.23989898989898992,17.253762925699686
"CHARLOTTE BAG , SUKI DESIGN + WOODLAND CHARLOTTE BAG + RED SPOTTY CHARLOTTE BAG","CHARLOTTE BAG , PINK/WHITE SPOTS",0.012475269289953836,0.7516556291390729,17.26909826744264
"CHARLOTTE BAG , SUKI DESIGN + WOODLAND CHARLOTTE BAG + CHARLOTTE BAG , PINK/WHITE SPOTS",RED SPOTTY CHARLOTTE BAG,0.012475269289953836,0.8485981308411215,15.175519988977932
"CHARLOTTE BAG , SUKI DESIGN + RED SPOTTY CHARLOTTE BAG + CHARLOTTE BAG , PINK/WHITE SPOTS",WOODLAND CHARLOTTE BAG,0.012475269289953836,0.7027863777089783,16.269594056988
"WOODLAND CHARLOTTE BAG + RED SPOTTY CHARLOTTE BAG + CHARLOTTE BAG , PINK/WHITE SPOTS","CHARLOTTE BAG , SUKI DESIGN",0.012475269289953836,0.7442622950819673,15.611062502952711
"CHARLOTTE BAG , SUKI DESIGN + WOODLAND CHARLOTTE BAG","RED SPOTTY CHARLOTTE BAG + CHARLOTTE BAG , PINK/WHITE SPOTS",0.012475269289953836,0.5417661097852029,18.30636236518394
"CHARLOTTE BAG , SUKI DESIGN + RED SPOTTY CHARLOTTE BAG","WOODLAND CHARLOTTE BAG + CHARLOTTE BAG , PINK/WHITE SPOTS",0.012475269289953836,0.47291666666666665,22.5266797556719
"CHARLOTTE BAG , SUKI DESIGN + CHARLOTTE BAG , PINK/WHITE SPOTS",WOODLAND CHARLOTTE BAG + RED SPOTTY CHARLOTTE BAG,0.012475269289953836,0.5450180072028812,21.41932539754563
WOODLAND CHARLOTTE BAG + RED SPOTTY CHARLOTTE BAG,"CHARLOTTE BAG , SUKI DESIGN + CHARLOTTE BAG , PINK/WHITE SPOTS",0.012475269289953836,0.490280777537797,21.419325397545627
"WOODLAND CHARLOTTE BAG + CHARLOTTE BAG , PINK/WHITE SPOTS","CHARLOTTE BAG , SUKI DESIGN + RED SPOTTY CHARLOTTE BAG",0.012475269289953836,0.5942408376963351,22.5266797556719
"RED SPOTTY CHARLOTTE BAG + CHARLOTTE BAG , PINK/WHITE SPOTS","CHARLOTTE BAG , SUKI DESIGN + WOODLAND CHARLOTTE BAG",0.012475269289953836,0.4215413184772516,18.30636236518394
"CHARLOTTE BAG , SUKI DESIGN","WOODLAND CHARLOTTE BAG + RED SPOTTY CHARLOTTE BAG + CHARLOTTE BAG , PINK/WHITE SPOTS",0.012475269289953836,0.261671469740634,15.61106250295271
WOODLAND CHARLOTTE BAG,"CHARLOTTE BAG , SUKI DESIGN + RED SPOTTY CHARLOTTE BAG + CHARLOTTE BAG , PINK/WHITE SPOTS",0.012475269289953836,0.28880407124681934,16.269594056988
RED SPOTTY CHARLOTTE BAG,"CHARLOTTE BAG , SUKI DESIGN + WOODLAND CHARLOTTE BAG + CHARLOTTE BAG , PINK/WHITE SPOTS",0.012475269289953836,0.2230958230958231,15.175519988977932
"CHARLOTTE BAG , PINK/WHITE SPOTS","CHARLOTTE BAG , SUKI DESIGN + WOODLAND CHARLOTTE BAG + RED SPOTTY CHARLOTTE BAG",0.012475269289953836,0.2866161616161616,17.26909826744264
"CHARLOTTE BAG , SUKI DESIGN + RED SPOTTY CHARLOTTE BAG + STRAWBERRY CHARLOTTE BAG","CHARLOTTE BAG , PINK/WHITE SPOTS",0.012227962189492196,0.7698961937716263,17.688170633672364
"CHARLOTTE BAG , SUKI DESIGN + RED SPOTTY CHARLOTTE BAG + CHARLOTTE BAG , PINK/WHITE SPOTS",STRAWBERRY CHARLOTTE BAG,0.012227962189492196,0.6888544891640868,18.17896488010112
"CHARLOTTE BAG , SUKI DESIGN + STRAWBERRY CHARLOTTE BAG + CHARLOTTE BAG , PINK/WHITE SPOTS",RED SPOTTY CHARLOTTE BAG,0.012227962189492196,0.8882235528942115,15.88414326138877
"RED SPOTTY CHARLOTTE BAG + STRAWBERRY CHARLOTTE BAG + CHARLOTTE BAG , PINK/WHITE SPOTS","CHARLOTTE BAG , SUKI DESIGN",0.012227962189492196,0.7189014539579968,15.079113378927618
"CHARLOTTE BAG , SUKI DESIGN + RED SPOTTY CHARLOTTE BAG","STRAWBERRY CHARLOTTE BAG + CHARLOTTE BAG , PINK/WHITE SPOTS",0.012227962189492196,0.4635416666666667,22.982572661217077
"CHARLOTTE BAG , SUKI DESIGN + STRAWBERRY CHARLOTTE BAG","RED SPOTTY CHARLOTTE BAG + CHARLOTTE BAG , PINK/WHITE SPOTS",0.012227962189492196,0.6005398110661269,20.292335008652266
"CHARLOTTE BAG , SUKI DESIGN + CHARLOTTE BAG , PINK/WHITE SPOTS",RED SPOTTY CHARLOTTE BAG + STRAWBERRY CHARLOTTE BAG,0.012227962189492196,0.5342136854741897,21.69766120734008
RED SPOTTY CHARLOTTE BAG + STRAWBERRY CHARLOTTE BAG,"CHARLOTTE BAG , SUKI DESIGN + CHARLOTTE BAG , PINK/WHITE SPOTS",0.012227962189492196,0.4966517857142857,21.69766120734008
"RED SPOTTY CHARLOTTE BAG + CHARLOTTE BAG , PINK/WHITE SPOTS","CHARLOTTE BAG , SUKI DESIGN + STRAWBERRY CHARLOTTE BAG",0.012227962189492196,0.41318477251624885,20.292335008652266
"STRAWBERRY CHARLOTTE BAG + CHARLOTTE BAG , PINK/WHITE SPOTS","CHARLOTTE BAG , SUKI DESIGN + RED SPOTTY CHARLOTTE BAG",0.012227962189492196,0.6062670299727521,22.982572661217077
"CHARLOTTE BAG , SUKI DESIGN","RED SPOTTY CHARLOTTE BAG + STRAWBERRY CHARLOTTE BAG + CHARLOTTE BAG , PINK/WHITE SPOTS",0.012227962189492196,0.2564841498559078,15.07911337892762
RED SPOTTY CHARLOTTE BAG,"CHARLOTTE BAG , SUKI DESIGN + STRAWBERRY CHARLOTTE BAG + CHARLOTTE BAG , PINK/WHITE SPOTS",0.012227962189492196,0.21867321867321868,15.88414326138877
STRAWBERRY CHARLOTTE BAG,"CHARLOTTE BAG , SUKI DESIGN + RED SPOTTY CHARLOTTE BAG + CHARLOTTE BAG , PINK/WHITE SPOTS",0.012227962189492196,0.32269760696156635,18.17896488010112
"CHARLOTTE BAG , PINK/WHITE SPOTS","CHARLOTTE BAG , SUKI DESIGN + RED SPOTTY CHARLOTTE BAG + STRAWBERRY CHARLOTTE BAG",0.012227962189492196,0.2809343434343435,17.688170633672367
LUNCH BAG BLACK SKULL. + LUNCHBAG PINK RETROSPOT + LUNCH BAG RED SPOTTY,LUNCH BAG CARS BLUE,0.010112112552209276,0.5850556438791733,10.320574402351369
LUNCH BAG BLACK SKULL. + LUNCHBAG PINK RETROSPOT + LUNCH BAG CARS BLUE,LUNCH BAG RED SPOTTY,0.010112112552209276,0.7215686274509803,8.595523892044541
LUNCH BAG BLACK SKULL. + LUNCH BAG RED SPOTTY + LUNCH BAG CARS BLUE,LUNCHBAG PINK RETROSPOT,0.010112112552209276,0.6630630630630631,11.485098044260347
LUNCHBAG PINK RETROSPOT + LUNCH BAG RED SPOTTY + LUNCH BAG CARS BLUE,LUNCH BAG BLACK SKULL.,0.010112112552209276,0.6422338568935427,9.966812162076677
LUNCH BAG BLACK SKULL. + LUNCHBAG PINK RETROSPOT,LUNCH BAG RED SPOTTY + LUNCH BAG CARS BLUE,0.010112112552209276,0.3857442348008385,13.42065410408424
LUNCH BAG BLACK SKULL. + LUNCH BAG RED SPOTTY,LUNCHBAG PINK RETROSPOT + LUNCH BAG CARS BLUE,0.010112112552209276,0.3061564059900166,12.379604363098537
LUNCH BAG BLACK SKULL. + LUNCH BAG CARS BLUE,LUNCHBAG PINK RETROSPOT + LUNCH BAG RED SPOTTY,0.010112112552209276,0.41628959276018096,13.105199705647497
LUNCHBAG PINK RETROSPOT + LUNCH BAG RED SPOTTY,LUNCH BAG BLACK SKULL. + LUNCH BAG CARS BLUE,0.010112112552209276,0.31833910034602075,13.105199705647497
LUNCHBAG PINK RETROSPOT + LUNCH BAG CARS BLUE,LUNCH BAG BLACK SKULL. + LUNCH BAG RED SPOTTY,0.010112112552209276,0.40888888888888886,12.379604363098538
LUNCH BAG RED SPOTTY + LUNCH BAG CARS BLUE,LUNCH BAG BLACK SKULL. + LUNCHBAG PINK RETROSPOT,0.010112112552209276,0.35181644359464626,13.42065410408424
LUNCH BAG BLACK SKULL. + LUNCHBAG SUKI DESIGN + LUNCHBAG PINK RETROSPOT,LUNCH BAG RED SPOTTY,0.010606726753132557,0.7509727626459144,8.94579403542066
LUNCH BAG BLACK SKULL. + LUNCHBAG SUKI DESIGN + LUNCH BAG RED SPOTTY,LUNCHBAG PINK RETROSPOT,0.010606726753132557,0.6380165289256198,11.05126012406528
LUNCH BAG BLACK SKULL. + LUNCHBAG PINK RETROSPOT + LUNCH BAG RED SPOTTY,LUNCHBAG SUKI DESIGN,0.010606726753132557,0.6136724960254373,9.316966823261456
LUNCHBAG SUKI DESIGN + LUNCHBAG PINK RETROSPOT + LUNCH BAG RED SPOTTY,LUNCH BAG BLACK SKULL.,0.010606726753132557,0.6296900489396411,9.772145100644527
LUNCH BAG BLACK SKULL. + LUNCHBAG SUKI DESIGN,LUNCHBAG PINK RETROSPOT + LUNCH BAG RED SPOTTY,0.010606726753132557,0.38142292490118573,12.007563220591653
LUNCH BAG BLACK SKULL. + LUNCHBAG PINK RETROSPOT,LUNCHBAG SUKI DESIGN + LUNCH BAG RED SPOTTY,0.010606726753132557,0.40461215932914046,12.510319203318675
LUNCH BAG BLACK SKULL. + LUNCH BAG RED SPOTTY,LUNCHBAG SUKI DESIGN + LUNCHBAG PINK RETROSPOT,0.010606726753132557,0.3211314475873544,12.758314018121181
LUNCHBAG SUKI DESIGN + LUNCHBAG PINK RETROSPOT,LUNCH BAG BLACK SKULL. + LUNCH BAG RED SPOTTY,0.010606726753132557,0.4213973799126638,12.758314018121181
LUNCHBAG SUKI DESIGN + LUNCH BAG RED SPOTTY,LUNCH BAG BLACK SKULL. + LUNCHBAG PINK RETROSPOT,0.010606726753132557,0.32795242141036535,12.510319203318675
LUNCHBAG PINK RETROSPOT + LUNCH BAG RED SPOTTY,LUNCH BAG BLACK SKULL. + LUNCHBAG SUKI DESIGN,0.010606726753132557,0.33391003460207613,12.007563220591654
LUNCHBAG SUKI DESIGN + LUNCHBAG PINK RETROSPOT + LUNCH BAG RED SPOTTY,LUNCH BAG CARS BLUE,0.010112112552209276,0.600326264274062,10.589953179574243
LUNCHBAG SUKI DESIGN + LUNCHBAG PINK RETROSPOT + LUNCH BAG CARS BLUE,LUNCH BAG RED SPOTTY,0.010112112552209276,0.7540983606557377,8.983027018325238
LUNCHBAG SUKI DESIGN + LUNCH BAG RED SPOTTY + LUNCH BAG CARS BLUE,LUNCHBAG PINK RETROSPOT,0.010112112552209276,0.6344827586206896,10.990050714766367
LUNCHBAG PINK RETROSPOT + LUNCH BAG RED SPOTTY + LUNCH BAG CARS BLUE,LUNCHBAG SUKI DESIGN,0.010112112552209276,0.6422338568935427,9.750594292895205
LUNCHBAG SUKI DESIGN + LUNCHBAG PINK RETROSPOT,LUNCH BAG RED SPOTTY + LUNCH BAG CARS BLUE,0.010112112552209276,0.4017467248908297,13.97740613023621
LUNCHBAG SUKI DESIGN + LUNCH BAG RED SPOTTY,LUNCHBAG PINK RETROSPOT + LUNCH BAG CARS BLUE,0.010112112552209276,0.3126593033135089,12.642552629094684
LUNCHBAG SUKI DESIGN + LUNCH BAG CARS BLUE,LUNCHBAG PINK RETROSPOT + LUNCH BAG RED SPOTTY,0.010112112552209276,0.3906581740976645,12.298297812943085
LUNCHBAG PINK RETROSPOT + LUNCH BAG RED SPOTTY,LUNCHBAG SUKI DESIGN + LUNCH BAG CARS BLUE,0.010112112552209276,0.31833910034602075,12.298297812943085
LUNCHBAG PINK RETROSPOT + LUNCH BAG CARS BLUE,LUNCHBAG SUKI DESIGN + LUNCH BAG RED SPOTTY,0.010112112552209276,0.40888888888888886,12.642552629094684
LUNCH BAG RED SPOTTY + LUNCH BAG CARS BLUE,LUNCHBAG SUKI DESIGN + LUNCHBAG PINK RETROSPOT,0.010112112552209276,0.35181644359464626,13.977406130236208
JUMBO BAG PINK WITH WHITE SPOTS + JUMBO STORAGE BAG SUKI + JUMBO SHOPPER VINTAGE RED PAISLEY,JUMBO BAG RED WHITE SPOTTY,0.011513519454825236,0.812015503875969,7.466111222095569
JUMBO BAG PINK WITH WHITE SPOTS + JUMBO BAG RED WHITE SPOTTY + JUMBO SHOPPER VINTAGE RED PAISLEY,JUMBO STORAGE BAG SUKI,0.011513519454825236,0.6714743589743589,10.505715766033909
JUMBO BAG PINK WITH WHITE SPOTS + JUMBO STORAGE BAG SUKI + JUMBO BAG RED WHITE SPOTTY,JUMBO SHOPPER VINTAGE RED PAISLEY,0.011513519454825236,0.6179941002949852,10.269425250198678
JUMBO STORAGE BAG SUKI + JUMBO BAG RED WHITE SPOTTY + JUMBO SHOPPER VINTAGE RED PAISLEY,JUMBO BAG PINK WITH WHITE SPOTS,0.011513519454825236,0.6725521669341894,10.921694983966542
JUMBO BAG PINK WITH WHITE SPOTS + JUMBO SHOPPER VINTAGE RED PAISLEY,JUMBO STORAGE BAG SUKI + JUMBO BAG RED WHITE SPOTTY,0.011513519454825236,0.49703440094899165,13.661688760827571
JUMBO BAG PINK WITH WHITE SPOTS + JUMBO STORAGE BAG SUKI,JUMBO BAG RED WHITE SPOTTY + JUMBO SHOPPER VINTAGE RED PAISLEY,0.011513519454825236,0.46555555555555556,14.643472582348986
JUMBO BAG PINK WITH WHITE SPOTS + JUMBO BAG RED WHITE SPOTTY,JUMBO STORAGE BAG SUKI + JUMBO SHOPPER VINTAGE RED PAISLEY,0.011513519454825236,0.2938288920056101,11.92087072226105
JUMBO STORAGE BAG SUKI + JUMBO SHOPPER VINTAGE RED PAISLEY,JUMBO BAG PINK WITH WHITE SPOTS + JUMBO BAG RED WHITE SPOTTY,0.011513519454825236,0.46711259754738016,11.92087072226105
JUMBO BAG RED WHITE SPOTTY + JUMBO SHOPPER VINTAGE RED PAISLEY,JUMBO BAG PINK WITH WHITE SPOTS + JUMBO STORAGE BAG SUKI,0.011513519454825236,0.36214347450302503,14.643472582348986
JUMBO STORAGE BAG SUKI + JUMBO BAG RED WHITE SPOTTY,JUMBO BAG PINK WITH WHITE SPOTS + JUMBO SHOPPER VINTAGE RED PAISLEY,0.011513519454825236,0.3164652567975831,13.661688760827571
PINK REGENCY TEACUP AND SAUCER + GREEN REGENCY TEACUP AND SAUCER + REGENCY CAKESTAND 3 TIER,ROSES REGENCY TEACUP AND SAUCER,0.011843262255440756,0.8707070707070707,22.314627969839236
PINK REGENCY TEACUP AND SAUCER + GREEN REGENCY TEACUP AND SAUCER + ROSES REGENCY TEACUP AND SAUCER,REGENCY CAKESTAND 3 TIER,0.011843262255440756,0.5863945578231292,5.524222300879969
PINK REGENCY TEACUP AND SAUCER + ROSES REGENCY TEACUP AND SAUCER + REGENCY CAKESTAND 3 TIER,GREEN REGENCY TEACUP AND SAUCER,0.011843262255440756,0.9189765458422173,24.73623850317306
GREEN REGENCY TEACUP AND SAUCER + REGENCY CAKESTAND 3 TIER + ROSES REGENCY TEACUP AND SAUCER,PINK REGENCY TEACUP AND SAUCER,0.011843262255440756,0.745674740484429,26.397466104775624
PINK REGENCY TEACUP AND SAUCER + GREEN REGENCY TEACUP AND SAUCER,ROSES REGENCY TEACUP AND SAUCER + REGENCY CAKESTAND 3 TIER,0.011843262255440756,0.4988425925925926,24.400375846276383
PINK REGENCY TEACUP AND SAUCER + REGENCY CAKESTAND 3 TIER,GREEN REGENCY TEACUP AND SAUCER + ROSES REGENCY TEACUP AND SAUCER,0.011843262255440756,0.7779783393501805,27.38122604026283
PINK REGENCY TEACUP AND SAUCER + ROSES REGENCY TEACUP AND SAUCER,GREEN REGENCY TEACUP AND SAUCER + REGENCY CAKESTAND 3 TIER,0.011843262255440756,0.5307881773399015,26.79118356415214
GREEN REGENCY TEACUP AND SAUCER + REGENCY CAKESTAND 3 TIER,PINK REGENCY TEACUP AND SAUCER + ROSES REGENCY TEACUP AND SAUCER,0.011843262255440756,0.5977808599167822,26.79118356415214
GREEN REGENCY TEACUP AND SAUCER + ROSES REGENCY TEACUP AND SAUCER,PINK REGENCY TEACUP AND SAUCER + REGENCY CAKESTAND 3 TIER,0.011843262255440756,0.41682785299806574,27.38122604026283
ROSES REGENCY TEACUP AND SAUCER + REGENCY CAKESTAND 3 TIER,PINK REGENCY TEACUP AND SAUCER + GREEN REGENCY TEACUP AND SAUCER,0.011843262255440756,0.5793010752688171,24.400375846276383
PINK REGENCY TEACUP AND SAUCER,GREEN REGENCY TEACUP AND SAUCER + REGENCY CAKESTAND 3 TIER + ROSES REGENCY TEACUP AND SAUCER,0.011843262255440756,0.419260700389105,26.39746610477562
GREEN REGENCY TEACUP AND SAUCER,PINK REGENCY TEACUP AND SAUCER + ROSES REGENCY TEACUP AND SAUCER + REGENCY CAKESTAND 3 TIER,0.011843262255440756,0.3187869822485207,24.73623850317306
ROSES REGENCY TEACUP AND SAUCER,PINK REGENCY TEACUP AND SAUCER + GREEN REGENCY TEACUP AND SAUCER + REGENCY CAKESTAND 3 TIER,0.011843262255440756,0.30352112676056336,22.314627969839236
